1000 9897
506 568
60 121
827 901
801 696
142 885
20 273
591 730
336 166
178 697
737 256
566 492
678 746
904 307
271 305
682 136
463 601
874 912
856 699
854 154
930 618
571 912
933 793
277 805
827 991
177 934
778 566
856 298
319 618
964 861
398 863
492 78
207 469
479 336
597 93
303 998
400 335
843 245
41 179
478 152
947 323
799 646
50 387
657 105
415 649
427 128
432 325
734 248
790 318
576 246
597 800
529 192
821 27
16 29
89 633
516 474
406 166
335 196
27 703
253 859
956 368
599 470
917 119
309 586
606 720
935 906
382 658
955 749
889 828
91 937
237 728
644 449
2 789
724 266
876 442
841 818
592 632
664 789
497 964
135 480
140 570
287 677
399 287
94 925
811 823
59 714
147 351
534 601
833 652
389 486
137 405
964 366
752 860
569 378
971 570
929 941
333 265
816 813
907 710
440 169
990 629
548 913
910 346
837 794
824 151
177 77
147 938
590 450
123 356
868 224
463 652
269 451
962 114
189 172
48 884
627 1000
80 421
66 840
711 120
202 152
679 414
226 2
166 903
924 455
230 634
854 97
749 342
169 482
406 497
597 994
363 52
914 444
598 44
369 854
739 337
188 57
823 4
377 240
936 43
23 545
558 870
886 307
889 13
672 741
16 121
715 697
535 114
663 441
975 123
499 306
926 533
164 602
49 174
144 477
625 660
791 341
572 67
616 977
340 118
490 226
453 510
443 312
524 199
619 323
550 823
384 138
183 314
832 734
595 170
875 618
345 747
474 257
368 772
845 782
115 17
354 875
264 607
651 93
817 309
949 784
346 199
382 351
590 98
332 21
243 373
64 832
181 55
788 1
756 701
632 387
431 865
324 545
96 704
151 688
741 176
986 41
194 68
839 372
17 709
750 49
260 836
755 413
11 269
384 36
247 201
765 524
722 833
743 873
895 562
734 372
56 379
19 369
832 492
631 20
762 869
579 617
321 873
359 753
160 297
494 700
338 556
669 616
505 101
553 471
350 415
761 276
31 264
448 131
213 909
162 881
97 779
795 431
72 638
73 139
805 858
34 633
365 851
45 853
861 211
954 503
847 96
975 95
762 392
193 659
712 701
784 741
805 956
718 503
188 914
82 109
554 790
690 364
948 916
890 101
58 386
375 641
528 238
451 177
694 287
642 890
846 458
78 112
134 228
618 109
67 481
418 141
717 359
366 815
668 877
634 787
251 765
52 506
750 657
309 469
439 598
794 579
601 679
111 206
792 160
612 353
314 428
996 128
105 481
946 937
648 575
488 433
82 979
599 218
113 943
384 577
665 730
21 916
523 510
749 218
588 216
790 868
223 55
908 727
583 855
859 471
18 13
661 725
749 508
680 541
286 548
666 976
648 123
191 651
531 769
843 200
862 180
946 834
956 809
705 239
141 51
588 668
813 513
887 688
719 794
141 132
456 682
117 5
888 274
37 452
644 700
930 324
879 998
510 95
393 586
370 754
666 7
338 84
232 751
653 267
620 834
158 610
93 990
754 549
775 888
997 696
944 761
853 225
712 808
975 337
608 657
966 636
145 798
720 610
176 244
455 848
90 870
349 461
699 768
257 277
688 31
765 31
68 817
198 896
533 393
517 628
885 870
981 615
696 745
107 320
218 117
626 854
517 901
845 56
171 73
264 885
963 949
693 196
494 329
795 668
333 757
691 991
200 694
679 6
42 89
389 820
856 525
964 696
838 990
811 295
960 635
527 99
235 713
145 225
809 778
238 940
611 434
373 843
601 232
140 476
71 244
296 226
739 86
558 766
562 709
529 276
786 509
425 787
317 773
586 350
158 796
917 982
739 308
832 242
27 912
800 400
140 145
276 290
842 55
876 625
205 324
716 798
813 758
279 318
638 405
585 879
306 376
164 110
644 656
421 537
286 186
540 449
374 619
527 709
343 728
605 229
257 181
442 251
327 858
250 668
460 438
552 414
663 378
599 632
718 345
141 620
896 383
995 846
747 442
826 71
684 425
603 283
445 97
510 567
556 115
6 84
190 433
335 680
319 23
547 880
930 88
293 904
8 249
6 487
1000 140
911 352
548 622
683 385
497 182
61 557
636 423
449 267
821 19
700 836
13 888
665 575
275 692
315 882
941 986
216 473
470 466
18 179
806 344
863 281
593 301
816 524
697 755
133 452
555 611
355 159
709 820
377 699
263 912
360 551
56 352
238 584
886 884
423 718
709 965
839 169
73 582
611 63
888 920
544 100
482 131
325 861
326 46
279 124
563 366
891 652
667 442
258 185
701 899
317 922
102 400
66 666
875 144
123 983
209 924
112 324
776 437
745 700
248 132
926 907
267 314
49 394
184 960
318 859
129 455
586 167
594 406
221 443
103 284
395 47
127 746
25 30
943 139
609 741
525 665
512 536
495 678
889 690
132 825
349 557
969 732
822 404
384 58
21 443
725 855
111 150
746 210
765 86
34 54
384 937
336 434
176 267
328 726
57 504
720 328
137 432
564 489
466 700
488 412
879 176
129 564
521 282
170 200
684 171
378 439
694 751
272 843
711 679
937 618
441 891
561 666
935 384
397 987
502 586
260 104
669 980
294 614
817 833
195 565
967 211
803 818
347 670
930 231
621 76
36 582
334 871
777 316
155 112
982 359
518 517
691 467
235 959
821 604
202 12
59 397
65 284
563 13
467 160
677 61
40 78
832 58
120 764
236 690
644 729
41 932
582 3
50 176
426 845
997 562
267 439
505 672
789 294
168 432
225 289
870 147
638 143
36 335
22 302
119 750
950 138
608 93
737 319
977 360
392 674
727 348
529 715
72 394
882 423
498 476
409 55
656 722
720 421
65 624
1000 181
584 436
492 529
916 467
310 934
497 237
557 415
137 428
981 563
135 836
7 659
288 884
446 49
267 686
949 390
915 10
133 73
137 142
854 13
359 929
985 338
113 63
331 64
749 862
501 432
528 820
302 579
14 119
364 904
476 754
22 578
848 837
167 431
795 846
356 612
985 108
515 607
401 35
934 151
538 121
359 276
801 348
628 867
302 140
892 628
822 839
308 997
956 921
425 839
942 348
359 506
658 879
382 809
883 708
898 356
443 935
338 307
218 953
554 575
645 644
276 666
196 292
586 108
658 529
956 366
712 730
675 302
896 513
179 703
720 837
480 398
244 95
64 717
266 793
858 735
140 818
474 676
816 199
818 429
489 3
506 3
128 217
384 115
8 831
941 305
998 162
11 180
54 101
68 931
596 601
113 526
475 931
63 872
376 540
530 879
983 75
848 342
295 69
579 454
226 76
916 503
129 963
481 780
384 118
906 141
324 634
826 484
280 448
209 430
255 935
772 357
796 355
415 823
821 208
138 765
256 744
187 828
39 311
385 948
51 964
109 175
596 583
83 759
175 68
179 165
398 861
990 987
611 2
244 729
834 383
391 872
244 536
801 622
364 159
605 544
165 975
28 209
331 475
505 28
126 571
635 345
610 73
854 591
867 330
740 964
256 746
287 333
960 87
672 731
585 878
892 894
948 696
454 321
112 424
165 684
277 328
903 388
80 918
825 827
690 467
856 127
766 318
468 485
533 903
185 745
650 933
82 163
413 521
839 711
326 542
898 183
846 353
370 232
671 926
585 473
91 256
209 174
10 294
695 181
463 584
507 644
172 214
449 639
974 704
993 590
319 22
530 851
177 569
345 431
931 400
381 313
293 951
441 124
793 471
462 554
376 679
582 811
345 472
53 23
665 653
872 455
224 435
71 433
569 90
540 813
852 751
838 974
514 944
363 490
610 553
266 696
167 486
468 871
584 285
312 715
669 785
967 522
341 320
74 887
583 60
232 77
78 454
236 425
348 531
758 34
316 113
635 277
728 113
66 616
395 610
503 733
449 452
11 594
92 671
628 633
480 886
267 317
966 507
420 380
36 118
2 34
81 539
372 46
323 738
326 858
54 886
206 173
614 286
941 198
466 230
304 149
197 854
709 503
634 539
685 289
840 182
148 221
96 134
578 790
318 517
854 971
56 628
698 175
493 481
607 957
702 751
977 412
707 823
580 207
708 4
945 894
877 635
777 235
621 313
438 254
611 786
434 699
96 595
191 345
777 790
171 3
708 826
788 242
627 728
138 811
929 44
877 814
863 751
797 237
191 290
697 639
658 309
952 106
881 388
665 907
5 426
383 651
82 783
433 651
471 899
644 247
134 721
138 668
213 56
565 275
624 753
571 144
799 826
766 811
930 771
166 337
834 423
728 222
784 656
322 627
550 427
240 968
900 334
773 728
244 896
709 730
446 944
451 742
268 400
397 244
300 513
127 986
478 835
918 425
705 476
652 826
527 655
605 187
416 993
511 456
334 339
724 223
214 751
564 673
396 274
399 669
689 209
58 436
230 51
323 879
396 737
1 247
74 576
689 34
284 834
301 796
931 253
551 700
509 985
572 761
408 30
483 738
62 354
506 833
124 752
987 178
309 418
438 334
548 449
225 480
517 542
688 196
137 322
727 189
105 342
837 557
312 216
994 972
602 372
155 610
670 71
564 462
195 148
988 574
129 535
403 112
392 255
191 241
229 910
93 718
199 298
76 55
539 649
190 945
815 556
941 801
545 24
708 572
415 850
273 829
510 451
155 305
356 406
319 738
506 487
605 825
531 74
770 750
626 500
934 5
869 592
108 390
914 81
329 503
681 242
316 219
463 868
283 2
156 780
857 937
216 95
723 528
779 802
304 642
867 219
503 532
787 944
518 881
244 996
61 250
870 624
743 450
280 545
213 943
452 681
458 814
932 226
112 397
828 51
98 720
546 892
908 123
395 136
71 743
936 884
228 662
777 903
931 955
292 871
403 550
950 228
552 307
771 979
224 900
23 614
424 244
638 59
548 263
508 324
823 927
280 206
333 175
957 853
580 240
976 780
21 498
742 164
512 495
968 225
401 672
879 21
826 131
60 995
441 103
375 826
466 754
930 165
513 971
219 470
521 394
9 180
7 993
47 596
357 364
730 982
333 348
553 951
471 756
988 514
773 186
151 762
280 449
264 966
344 750
397 662
648 601
165 394
958 476
977 928
743 973
364 862
610 514
646 474
522 732
407 306
580 678
618 805
964 713
839 463
334 813
798 899
924 79
763 209
356 537
692 211
948 325
970 285
454 250
178 97
701 12
23 480
316 110
154 369
744 625
49 621
766 722
884 537
771 931
779 581
197 462
518 2
314 746
646 215
11 646
412 991
343 613
315 12
995 638
710 919
567 826
438 202
461 683
870 201
380 605
782 439
581 27
693 753
380 716
136 907
129 98
537 413
608 662
979 816
375 587
11 66
91 432
932 730
538 881
870 442
428 361
675 184
859 951
822 150
73 622
789 928
556 736
445 746
335 682
858 325
472 696
608 356
76 266
994 773
497 219
613 253
869 67
357 319
432 586
289 55
682 934
694 665
977 226
405 649
635 906
748 683
105 447
507 127
473 387
200 581
682 841
498 854
725 757
177 875
586 245
354 377
887 129
869 694
229 599
51 267
307 181
866 43
403 646
764 60
904 161
748 984
365 296
22 523
558 681
502 910
388 353
601 202
378 85
621 247
164 456
648 53
87 812
476 473
94 24
252 860
255 111
865 303
10 820
174 3
322 782
396 9
783 687
472 178
274 941
59 937
645 586
996 998
814 211
900 801
14 539
20 604
498 545
419 375
820 489
409 35
961 542
376 42
908 3
712 644
396 367
609 12
815 921
558 71
279 546
41 713
67 744
139 215
849 430
386 420
870 68
339 508
432 42
675 118
400 520
143 675
897 65
737 386
205 428
129 91
395 462
462 357
689 487
568 460
659 571
806 702
347 167
901 666
464 121
696 564
698 398
81 384
320 856
797 458
750 474
691 1000
449 277
911 247
317 278
962 45
83 713
917 104
765 664
15 83
627 683
528 970
351 43
557 748
88 881
804 879
90 259
596 521
833 169
570 349
880 332
808 505
865 760
785 843
919 287
904 44
680 661
502 175
108 50
682 353
645 379
360 296
174 829
949 775
108 65
579 758
454 93
459 681
155 144
230 756
487 31
615 739
265 833
324 369
953 984
435 561
59 365
484 181
504 12
895 448
311 51
405 442
289 593
573 461
81 919
577 522
993 614
724 847
546 571
601 408
547 206
189 685
926 502
328 56
236 993
241 713
183 234
542 951
432 214
426 370
515 509
721 720
651 237
690 589
271 756
629 616
542 849
17 858
237 746
945 384
352 330
756 365
940 148
263 385
654 344
114 29
258 771
542 115
512 34
660 986
533 340
705 567
423 844
601 582
489 976
843 641
381 706
829 622
521 133
912 172
579 155
462 829
303 379
398 37
282 514
523 576
704 41
671 442
714 513
844 364
648 239
846 726
632 862
501 303
375 266
431 20
697 678
180 455
387 210
823 501
355 294
122 39
643 293
386 774
888 978
634 186
317 254
653 836
476 192
588 671
166 461
369 727
244 997
575 611
541 527
619 819
748 85
777 147
571 564
485 473
791 75
978 718
406 47
762 201
981 425
468 348
736 484
476 167
828 460
244 187
5 867
192 278
694 47
514 223
888 398
743 48
362 93
913 603
29 193
709 241
932 336
310 347
862 529
912 304
480 823
408 204
748 369
180 624
452 253
67 623
152 209
577 816
906 966
85 829
271 712
439 518
708 93
930 51
36 552
402 760
629 765
24 6
405 515
190 363
121 974
733 687
935 439
792 191
223 481
595 562
771 769
817 604
815 571
365 922
215 797
199 376
885 901
56 105
735 491
852 725
183 120
561 672
428 857
570 606
494 509
683 213
227 81
839 462
770 755
740 273
782 90
622 789
380 455
62 460
728 232
529 265
794 488
70 939
640 942
273 203
476 502
700 934
95 268
450 895
886 9
819 64
36 894
74 9
282 218
371 502
79 937
830 723
340 315
801 831
641 514
605 369
736 989
408 411
291 102
607 532
227 856
46 508
52 719
767 850
73 418
770 456
20 671
112 648
650 562
180 933
3 600
172 65
745 257
871 833
910 883
807 473
703 664
297 964
944 57
12 617
548 395
449 522
555 401
613 363
485 882
907 284
717 445
864 991
313 79
371 705
815 784
337 817
247 338
618 322
565 889
358 969
87 133
364 526
555 191
646 10
705 590
975 874
263 606
834 264
149 197
831 107
320 539
266 70
655 153
217 901
215 662
734 610
56 5
75 291
185 359
978 159
208 832
29 302
877 106
199 130
973 599
326 500
545 176
494 565
758 262
904 49
908 617
341 334
161 568
936 354
865 588
882 738
973 697
153 632
460 588
635 422
728 196
526 59
486 724
605 514
93 302
667 99
154 338
122 462
303 887
35 461
438 538
957 502
620 80
643 27
149 718
206 401
814 208
482 585
232 780
33 877
396 409
895 47
190 616
590 571
2 32
684 580
930 314
176 883
602 793
491 938
989 167
757 443
317 746
799 186
50 999
861 493
217 398
594 389
339 511
638 225
452 166
438 497
721 747
149 130
812 198
427 864
906 324
565 522
858 516
909 648
45 569
238 354
108 238
298 735
138 100
313 730
930 8
841 675
200 309
81 118
445 525
822 181
932 989
241 360
594 300
116 536
7 923
47 670
945 606
859 176
733 663
475 651
333 297
9 243
928 503
731 506
324 956
679 122
186 755
96 691
5 7
887 247
738 932
677 533
442 966
375 952
688 614
433 649
251 142
164 527
866 916
339 105
528 858
428 944
32 137
913 272
400 493
772 93
688 836
339 656
865 616
395 563
93 306
644 934
296 76
889 16
356 816
572 192
59 511
97 160
227 549
853 729
80 961
10 696
463 454
531 839
317 546
828 472
754 897
23 894
643 769
796 702
710 955
24 739
794 395
990 502
698 879
880 582
936 952
84 606
825 608
456 221
837 265
234 350
789 118
239 35
205 79
787 507
379 420
441 73
607 556
651 970
267 965
806 554
76 339
811 128
766 602
191 98
599 97
877 895
146 289
630 857
425 494
924 976
545 429
910 359
927 719
750 102
422 13
388 117
427 409
910 278
12 188
661 608
329 801
739 832
596 703
27 332
330 823
645 188
705 961
192 828
985 113
751 606
535 669
312 645
354 259
784 623
507 610
606 274
643 292
311 594
903 878
523 958
828 239
41 235
364 335
900 691
350 270
182 455
115 992
619 80
430 785
733 456
201 207
3 321
889 186
547 284
34 441
70 411
849 612
371 168
712 812
120 215
618 58
690 671
789 25
111 866
371 966
285 266
573 649
868 693
560 78
542 178
390 207
655 625
487 821
592 703
574 611
411 589
674 77
324 726
734 869
549 339
351 319
102 551
693 192
588 282
932 868
755 976
992 430
765 750
358 780
592 108
185 330
995 377
765 607
415 816
697 487
955 939
852 581
501 401
339 618
142 11
735 136
937 486
316 778
868 303
570 410
364 126
381 952
297 179
61 58
687 986
291 142
139 656
782 970
678 171
293 135
574 360
1000 925
140 321
74 54
574 507
70 74
274 583
370 816
443 964
736 546
832 348
343 615
30 112
348 991
922 26
711 324
83 26
603 851
314 970
940 650
18 702
708 269
712 840
401 983
43 422
371 53
376 861
306 696
916 193
37 824
10 180
708 35
215 109
276 215
134 29
926 9
341 567
399 139
966 33
593 7
702 419
649 309
820 810
622 250
843 763
570 785
275 119
461 416
626 185
176 516
574 968
226 842
208 833
872 232
835 508
393 337
748 587
768 419
274 84
636 240
400 386
293 89
39 677
596 614
840 944
530 52
571 800
826 827
297 175
580 946
815 181
156 886
749 337
753 790
628 934
826 938
921 578
536 49
61 207
979 436
230 718
786 364
774 929
634 98
687 220
836 762
898 806
145 269
164 63
234 722
390 553
672 520
430 222
934 670
334 378
694 490
641 670
185 522
628 282
723 6
762 480
605 118
76 868
272 409
447 287
250 815
215 275
590 837
332 589
121 342
902 321
443 428
559 970
361 235
128 132
844 209
663 632
907 426
525 631
570 96
367 170
637 629
137 299
530 690
124 461
570 211
932 990
426 203
618 679
659 283
399 28
539 632
590 257
556 881
795 683
831 57
184 117
339 341
795 600
446 488
344 366
803 937
389 776
325 650
640 730
784 155
740 347
192 721
230 825
270 954
319 600
108 413
26 600
339 659
565 385
14 441
753 929
183 514
147 536
596 489
541 440
302 372
966 175
416 759
643 344
771 431
311 510
505 473
179 792
956 96
525 245
874 425
446 707
549 255
272 101
112 356
543 861
126 133
788 904
699 319
463 374
103 175
288 910
719 33
686 154
600 471
159 254
107 697
400 743
720 748
936 953
427 830
310 233
183 277
885 619
43 793
318 548
689 432
50 746
332 960
78 228
483 628
157 235
507 362
508 330
20 37
685 853
966 838
327 716
85 498
522 114
669 225
226 528
163 772
401 372
628 814
129 645
77 711
76 547
134 406
288 34
255 540
437 719
632 753
961 461
84 404
288 145
970 405
588 36
385 989
298 278
283 150
83 755
341 404
859 937
553 276
498 721
541 491
285 685
696 364
583 70
351 956
45 513
140 283
433 487
822 859
843 348
37 237
832 235
192 74
692 911
785 219
964 159
383 172
60 49
230 353
726 634
642 279
666 401
746 707
784 44
362 200
397 52
238 476
97 429
338 81
507 371
292 866
42 861
884 964
810 995
102 9
498 57
780 696
487 705
884 236
206 27
614 180
707 978
944 384
49 236
651 991
234 288
254 807
400 594
954 89
348 312
629 985
443 468
392 578
176 233
195 151
604 233
953 295
931 504
825 861
4 582
439 689
812 429
850 760
284 758
547 808
454 16
132 418
249 785
786 931
90 184
111 350
669 118
32 357
553 78
129 737
938 137
612 96
547 712
178 289
705 819
839 456
566 512
570 719
75 103
991 29
80 447
687 884
213 253
951 931
868 447
9 710
835 718
678 168
528 577
784 731
549 85
622 629
991 320
541 529
11 554
123 974
272 30
37 274
365 645
738 225
46 32
196 757
527 595
554 543
478 591
705 409
608 844
558 46
836 820
563 660
358 48
383 583
59 117
781 139
104 522
897 969
736 95
976 590
629 780
219 248
516 772
560 156
779 122
383 24
675 189
16 622
660 207
698 6
882 491
889 657
16 765
312 292
665 736
959 450
251 809
649 308
557 483
527 319
640 313
808 851
955 744
661 566
703 175
544 300
144 730
215 513
592 216
523 650
249 395
599 511
583 794
218 406
471 872
791 713
204 869
977 675
65 489
193 220
968 374
930 763
493 641
4 156
702 76
179 142
623 715
153 491
220 3
724 370
504 789
378 818
224 404
193 623
856 217
451 671
89 558
399 999
555 685
207 122
896 732
913 331
657 361
986 616
438 826
25 455
887 743
728 598
489 242
174 339
512 622
330 324
951 105
37 761
21 228
277 74
6 888
892 232
319 451
508 280
823 83
715 874
612 902
850 15
854 975
67 267
965 494
930 673
78 137
725 850
742 144
894 303
253 445
826 215
609 264
595 910
466 550
267 987
138 108
791 736
355 738
671 434
418 48
432 617
569 408
539 816
740 151
152 344
315 804
962 185
457 526
752 717
576 954
610 743
687 601
778 263
803 936
460 317
688 536
458 298
317 501
688 759
302 411
14 15
805 256
626 351
826 877
960 727
597 174
941 383
431 226
515 759
169 439
26 456
338 550
867 215
876 42
714 861
960 501
409 369
209 967
857 883
240 859
328 462
427 51
676 247
20 627
19 928
849 749
866 709
893 764
486 50
127 804
866 692
672 997
222 976
250 721
245 771
650 712
723 402
997 799
33 730
340 962
489 8
827 432
538 773
154 522
780 970
910 809
125 37
627 223
522 273
924 669
724 671
581 754
467 178
72 286
860 303
309 479
973 72
688 248
765 486
306 931
845 14
756 689
976 195
349 863
264 863
122 767
122 286
821 37
808 924
826 461
739 612
649 332
741 471
431 322
293 685
169 983
309 774
565 81
952 10
365 203
661 622
961 460
959 841
855 936
218 479
208 665
778 541
985 119
895 988
808 472
347 878
99 273
490 900
333 783
482 203
669 725
360 755
89 475
862 190
919 173
830 984
210 577
835 866
602 667
206 513
638 739
136 691
163 346
736 520
750 409
83 403
47 308
879 895
771 168
847 477
150 39
463 420
391 331
488 720
127 843
694 746
83 241
340 512
659 952
287 27
674 776
421 833
499 97
945 79
28 933
495 124
989 286
78 39
225 433
79 266
427 797
599 707
525 732
528 192
470 925
699 169
794 655
537 666
427 938
320 623
766 195
767 622
542 924
589 203
538 571
579 461
449 688
671 485
674 75
967 839
521 452
581 520
623 141
642 668
69 921
251 106
837 815
255 930
614 177
686 956
526 913
604 733
86 144
680 522
284 187
855 588
640 643
492 54
311 658
740 284
942 560
328 254
726 987
587 387
170 705
491 391
933 100
210 549
840 884
785 53
992 543
170 995
444 134
628 406
200 642
819 498
511 174
120 825
712 541
3 302
908 27
196 261
14 946
842 275
719 107
296 691
140 892
1 130
505 972
72 8
957 772
872 624
410 633
146 931
241 615
668 828
766 255
418 207
438 266
668 851
760 820
580 103
8 784
489 738
168 969
393 996
195 400
459 359
817 637
164 472
825 90
365 113
769 947
958 158
820 377
873 934
178 596
450 913
327 437
989 968
829 659
227 225
511 697
386 568
613 611
869 515
191 491
95 487
501 185
791 712
652 658
725 68
126 723
455 311
624 936
587 60
41 89
41 144
630 242
562 370
355 496
325 232
416 604
975 620
524 610
117 86
784 855
126 284
628 582
795 329
46 61
875 318
419 77
594 965
155 778
172 371
654 559
253 888
662 10
280 820
728 690
714 333
827 563
480 331
134 242
908 285
942 319
859 713
2 752
336 650
988 898
310 178
559 837
937 801
591 468
7 775
444 931
546 15
215 992
237 872
29 124
30 463
103 815
363 798
494 44
717 47
773 365
498 231
144 823
507 31
551 168
243 521
209 489
781 675
229 998
786 635
198 639
553 540
612 57
740 502
29 271
30 632
833 601
750 171
311 677
296 386
665 831
65 91
469 169
458 186
18 490
209 804
691 424
454 198
335 321
317 214
890 8
912 474
931 582
199 790
866 113
338 438
544 245
801 666
434 997
719 412
22 228
151 448
217 791
14 584
515 37
828 36
650 772
407 683
448 952
103 88
220 228
202 379
168 295
850 319
466 52
288 896
453 330
883 445
477 340
331 645
174 364
927 86
585 11
208 958
475 191
2 805
149 50
847 143
763 916
162 447
239 191
617 779
12 605
551 64
275 757
603 345
966 821
167 912
688 249
637 58
506 556
162 240
388 100
276 888
388 850
389 39
962 363
924 854
623 104
695 527
698 273
143 121
113 928
185 307
683 92
232 267
189 267
895 761
521 26
142 50
550 159
27 358
887 506
247 859
235 883
517 511
313 689
614 957
856 718
133 486
956 473
986 584
899 179
350 467
61 132
122 402
468 122
714 894
80 642
77 613
139 599
247 750
73 223
739 366
79 977
406 35
781 109
931 13
952 677
420 475
282 484
357 608
283 581
909 777
72 784
219 579
899 271
24 595
851 6
895 369
474 575
275 962
516 524
521 958
3 467
174 392
146 813
291 428
499 15
519 364
354 968
817 148
306 659
770 258
133 578
499 190
941 299
127 558
233 944
983 208
875 555
572 521
497 929
134 52
427 58
484 185
30 101
569 533
991 81
309 50
368 978
778 107
376 871
502 525
632 78
67 224
986 470
380 105
110 70
209 279
601 565
509 572
99 88
69 920
195 725
789 587
722 734
541 58
212 624
934 459
331 98
829 767
223 16
834 87
871 940
491 344
542 250
934 90
791 679
544 480
674 639
234 435
142 185
610 865
882 762
152 845
190 645
106 704
142 296
625 164
645 447
155 175
175 160
748 38
126 406
161 882
246 187
810 385
406 92
467 94
106 994
947 296
506 447
996 975
524 870
942 493
598 595
379 967
361 688
359 101
144 887
54 765
40 411
426 892
80 908
525 396
763 641
801 940
732 880
969 2
93 906
867 703
447 663
124 992
469 903
805 637
631 508
222 705
794 462
840 128
825 556
111 843
738 547
650 641
318 531
780 828
323 955
699 180
721 796
764 918
357 88
81 445
133 823
543 380
232 142
107 830
56 956
733 542
366 89
422 287
963 43
228 90
783 840
394 308
38 975
310 608
829 944
811 205
265 33
543 658
584 321
56 154
592 956
80 224
762 516
797 3
160 200
656 845
878 470
591 823
354 370
725 353
640 753
131 486
9 774
290 380
127 488
165 139
766 817
820 361
986 913
58 848
887 288
140 525
369 394
870 723
47 24
286 800
507 559
66 610
652 216
507 668
232 777
773 639
83 477
340 500
629 426
480 255
889 21
555 226
602 882
92 260
699 276
537 689
222 899
478 553
154 227
214 787
968 275
267 337
415 24
453 341
148 389
41 595
500 912
637 721
358 466
250 699
215 447
167 568
760 4
28 660
436 226
489 18
381 4
845 949
499 201
641 679
848 34
828 564
671 158
584 48
507 323
859 918
958 171
555 497
557 291
962 405
724 756
328 733
989 664
683 341
205 137
132 192
121 906
877 663
347 344
276 980
281 890
582 920
574 792
750 421
190 1
191 296
213 480
51 509
313 442
191 441
764 493
398 253
19 264
293 489
296 654
570 645
763 156
505 252
109 770
221 712
719 11
44 839
634 163
620 402
782 897
667 67
904 783
783 181
326 156
297 426
976 304
343 955
568 619
553 249
633 75
304 329
198 464
903 458
689 890
671 830
641 767
662 23
979 913
112 747
139 246
913 289
713 221
490 206
608 997
142 237
111 786
242 671
891 994
779 422
319 481
343 511
932 648
408 220
381 822
218 376
864 189
671 370
907 623
60 981
423 101
250 873
707 166
673 778
785 900
519 207
82 568
693 232
988 564
80 25
152 694
237 109
186 989
995 321
941 795
377 538
912 891
621 263
716 29
369 142
955 899
8 420
375 400
967 172
240 189
950 821
790 606
558 746
844 363
127 305
364 165
365 636
362 766
425 831
541 409
304 696
691 52
654 168
987 925
948 397
130 284
944 1000
726 526
841 368
225 11
652 264
429 129
585 891
179 998
18 600
844 972
836 588
709 474
603 843
840 391
956 999
116 506
957 540
672 916
567 861
179 644
850 179
335 777
546 600
876 611
56 724
970 744
112 752
877 456
150 502
724 991
746 115
909 635
362 888
149 198
940 87
941 298
232 260
272 671
257 365
965 634
104 862
176 379
379 324
492 733
186 300
793 508
63 230
525 172
954 809
350 598
242 71
134 343
599 1
583 636
312 105
702 282
512 178
436 202
739 787
59 637
410 996
17 645
971 196
972 155
477 531
403 368
731 708
293 417
131 282
79 624
425 121
155 384
341 437
753 925
40 832
494 653
516 286
355 329
140 427
677 721
86 491
933 98
572 422
75 838
94 38
518 964
478 129
62 576
856 81
986 732
861 960
623 801
438 563
277 639
153 897
865 207
235 13
509 486
311 336
404 630
352 303
329 838
692 341
606 959
348 987
996 863
406 191
616 879
766 289
291 109
704 210
176 987
235 440
698 944
510 242
398 381
296 580
462 113
274 816
766 3
533 723
647 158
666 478
153 366
689 108
451 113
163 773
347 32
132 732
812 110
244 344
525 591
826 62
65 640
402 729
497 221
159 127
391 531
910 513
693 191
18 393
552 849
347 383
191 334
742 932
66 413
711 559
802 265
911 153
747 188
667 965
505 697
887 238
618 609
985 354
513 715
535 882
455 333
185 362
523 574
542 366
749 154
82 400
294 53
977 535
482 431
669 889
895 513
91 641
4 8
839 62
198 322
143 711
990 687
978 990
481 350
883 371
691 511
364 237
679 614
573 499
631 809
482 864
190 561
621 376
305 793
69 320
351 518
580 860
176 522
966 97
469 727
553 156
80 986
391 380
908 170
490 457
418 698
297 883
985 45
340 715
345 935
931 1000
571 337
407 615
34 509
162 294
288 981
751 530
223 979
495 158
336 765
854 851
413 919
508 283
733 814
241 688
718 130
152 159
957 806
372 378
615 270
693 576
609 337
538 863
150 553
945 887
806 688
534 643
295 181
885 693
745 2
147 130
738 921
171 120
523 239
302 994
568 498
142 651
950 738
169 623
116 660
564 352
640 432
548 793
593 496
830 487
229 996
433 819
540 776
762 648
155 298
998 824
412 443
426 434
612 138
80 491
669 861
288 922
260 886
173 723
322 475
674 676
952 830
437 826
957 51
100 708
153 463
179 239
930 909
291 986
635 310
853 371
633 666
571 558
849 960
792 965
443 915
575 986
600 14
797 663
548 466
870 375
370 884
25 311
957 646
163 385
510 40
202 377
774 675
704 235
67 180
154 196
448 553
88 471
417 542
326 974
275 936
628 378
617 751
963 503
767 785
258 729
206 3
614 140
816 211
279 717
194 731
943 666
12 456
505 906
591 148
294 521
802 141
220 282
721 859
78 232
745 109
676 517
327 571
661 183
275 356
313 25
975 523
683 641
211 950
380 71
916 475
403 8
629 660
213 951
190 261
797 424
138 871
180 478
898 813
39 37
77 882
924 813
337 653
47 558
213 274
142 790
610 646
792 327
682 984
730 31
143 488
807 945
613 866
930 604
481 676
378 36
839 113
520 802
907 729
672 122
388 808
970 371
474 165
98 22
463 786
156 698
468 132
144 850
313 225
738 102
553 845
615 684
357 652
339 913
31 975
801 81
810 570
775 572
758 156
61 356
11 659
165 645
286 539
127 999
473 708
940 524
614 511
945 354
193 709
692 681
79 67
899 369
900 990
840 279
768 596
831 731
409 910
599 623
529 909
492 937
537 394
231 900
963 352
72 787
36 506
516 812
258 556
922 455
251 547
880 954
750 715
971 810
256 53
936 695
920 220
718 430
10 108
543 410
860 270
916 8
96 419
24 128
578 635
842 260
650 950
927 904
17 969
44 361
462 577
976 49
850 534
507 217
164 878
950 581
384 550
151 608
706 249
105 605
806 132
899 610
259 707
249 499
156 73
178 913
492 49
613 535
908 579
378 56
242 558
142 191
588 987
173 539
624 911
153 535
368 440
691 19
231 378
468 152
499 514
983 911
975 248
460 923
634 442
690 120
896 393
519 543
207 19
746 803
984 724
201 238
839 179
819 514
501 351
970 698
275 992
428 66
67 642
399 579
555 745
495 234
8 884
707 946
215 251
641 448
570 486
589 394
402 564
241 612
628 80
774 292
613 260
941 269
217 494
849 246
544 868
142 573
513 959
162 199
197 935
440 477
304 879
71 248
432 577
693 625
186 688
812 284
213 345
972 986
989 852
494 370
851 815
873 939
94 455
378 125
259 686
97 722
811 378
740 428
192 714
834 185
928 62
105 851
238 593
187 961
95 72
26 577
623 614
39 561
10 989
796 236
377 412
231 265
105 909
308 566
402 463
921 581
919 214
407 930
943 220
892 692
398 547
277 402
690 990
451 643
876 224
235 377
272 141
681 359
921 272
798 194
693 828
993 166
561 410
50 993
126 76
110 593
789 378
277 576
798 39
962 862
798 488
508 276
55 449
537 66
167 651
298 566
650 675
158 986
848 335
327 961
309 342
755 954
846 103
232 349
730 708
33 284
437 50
590 104
258 903
744 312
445 243
593 213
115 313
812 369
376 715
989 793
342 480
90 121
199 425
237 246
163 751
94 641
627 502
815 675
398 466
485 504
218 165
665 994
635 796
506 344
490 805
638 915
713 814
312 913
701 393
648 875
722 676
482 449
446 380
57 963
846 765
833 162
961 405
144 585
701 363
942 623
725 101
843 38
266 650
744 545
729 147
838 351
749 304
507 717
3 60
123 541
841 346
71 469
890 557
518 796
44 615
859 49
657 440
219 715
201 68
295 822
79 111
88 498
597 750
193 760
68 508
845 740
370 708
905 907
675 317
483 473
188 888
757 409
814 976
799 132
620 999
36 368
940 728
695 68
715 778
998 191
980 670
720 527
612 565
168 870
902 433
589 291
95 558
774 127
119 436
998 409
245 271
15 361
864 925
901 264
24 212
599 127
157 8
142 868
842 972
536 222
76 47
648 952
759 490
321 176
449 123
565 93
237 508
386 588
739 838
691 747
708 587
928 89
14 124
731 762
526 600
825 369
347 757
421 70
646 385
815 266
599 419
239 776
131 177
616 441
729 126
88 114
655 354
278 275
407 117
286 894
199 759
66 663
848 747
813 631
927 162
583 141
917 553
700 431
300 989
27 831
232 827
697 311
710 16
490 511
515 2
365 813
614 508
870 842
597 642
266 556
529 866
503 931
197 244
36 182
827 133
994 371
206 322
334 439
745 524
21 885
319 597
96 120
538 67
301 231
33 521
345 783
987 456
769 189
951 173
516 670
722 119
6 836
637 264
697 381
656 265
766 116
16 1000
346 355
457 522
101 219
708 53
485 124
379 489
328 825
275 274
917 207
708 68
531 378
12 723
659 632
732 322
627 44
259 774
556 16
700 705
336 115
707 132
637 219
22 984
536 28
419 672
4 722
150 816
122 252
603 68
199 369
716 349
625 934
462 290
583 527
233 559
806 298
844 249
138 634
621 489
713 998
844 72
611 303
795 948
264 44
999 684
321 13
284 183
855 584
515 533
164 589
956 737
408 951
43 568
942 564
448 392
196 830
716 225
703 485
652 633
669 214
321 815
433 437
658 166
572 416
535 300
501 708
197 293
804 275
644 868
921 537
114 817
23 105
176 608
283 260
182 522
629 467
364 224
71 562
2 992
278 904
546 664
318 326
592 387
86 680
970 808
844 833
386 297
943 639
16 822
629 870
634 2
764 691
785 518
415 370
55 508
883 231
394 78
657 392
772 895
519 482
461 22
524 308
27 951
548 434
955 400
695 443
600 801
902 490
531 609
756 684
258 851
133 837
299 101
237 785
823 526
618 347
924 999
542 434
178 705
124 133
513 856
907 576
363 596
627 727
939 307
284 100
378 379
447 210
895 690
640 756
403 654
425 202
463 518
925 749
194 281
624 131
892 471
14 423
790 516
331 353
687 900
951 563
454 105
735 904
296 87
61 201
390 769
924 329
636 579
618 932
448 613
960 29
743 258
853 718
248 151
535 22
499 654
154 127
563 985
966 502
978 288
941 172
335 173
984 689
694 492
993 165
747 370
714 329
736 129
150 461
836 164
233 455
271 619
110 449
241 694
202 948
836 930
577 832
488 857
676 668
368 831
898 434
917 150
388 580
924 694
484 237
12 516
290 418
994 846
522 201
775 233
870 297
449 707
924 259
589 143
299 65
968 287
449 380
746 506
128 343
238 54
992 133
1000 496
621 288
329 736
539 597
756 981
528 662
208 803
654 703
532 486
278 796
517 118
811 345
596 529
498 596
136 47
523 685
674 563
469 181
252 555
347 793
222 407
39 583
632 953
728 312
526 111
426 688
948 261
625 144
623 645
395 80
87 968
933 56
883 837
224 454
558 943
80 666
600 97
764 264
547 232
386 92
443 917
636 726
553 254
974 590
170 822
12 21
306 310
56 22
699 309
511 499
859 493
776 554
157 673
949 645
362 97
275 938
812 239
724 855
712 823
676 978
14 793
400 733
666 200
137 524
137 623
410 701
292 697
224 735
7 214
465 155
564 689
450 273
877 598
987 58
224 590
371 346
910 588
983 46
140 452
897 327
454 715
171 247
464 379
552 670
809 633
494 299
96 854
781 707
319 644
892 202
403 345
777 100
87 373
267 782
77 547
523 713
838 670
52 807
736 944
41 50
388 289
389 520
302 299
568 445
680 663
221 297
259 20
80 759
51 80
786 287
515 871
5 585
62 570
746 555
728 50
123 568
823 445
127 764
519 932
151 480
300 990
706 633
819 266
291 229
25 273
671 654
340 670
748 371
988 258
183 32
934 728
956 352
888 406
634 646
690 436
539 116
125 369
897 886
755 678
771 845
277 28
48 252
127 596
202 637
208 498
444 222
82 471
87 45
306 655
471 75
932 687
779 229
811 950
996 506
444 769
211 630
305 461
881 942
627 190
510 518
628 237
487 818
518 194
202 440
632 343
53 57
682 971
117 886
446 72
303 449
96 643
281 823
198 552
644 402
74 287
975 937
593 318
522 882
75 945
85 234
749 179
659 55
865 862
807 855
259 709
761 669
868 327
599 465
102 527
478 106
365 460
232 800
991 424
61 51
833 26
762 928
56 211
89 314
914 317
949 100
728 159
14 746
201 801
844 525
810 397
508 905
44 338
981 484
32 517
844 924
791 103
775 546
83 434
55 168
362 22
992 225
576 480
6 519
990 770
136 769
65 894
568 772
149 822
188 621
177 452
642 134
755 598
955 181
519 332
444 694
263 146
157 395
506 799
569 571
756 399
832 599
308 22
690 525
181 182
788 386
755 81
315 560
148 469
194 803
221 233
569 277
641 224
661 100
648 644
580 530
295 99
191 82
33 80
566 186
474 194
792 227
170 219
133 981
280 439
857 387
532 237
419 812
95 775
137 99
360 884
158 459
454 930
825 206
317 378
299 659
636 152
982 116
199 122
181 667
374 228
32 101
515 295
550 219
113 219
49 934
71 205
2 500
312 580
593 597
446 362
891 808
175 211
643 357
681 58
103 502
518 935
44 750
460 731
212 84
639 367
895 241
198 99
571 519
564 972
221 386
594 668
888 641
671 544
418 582
628 579
888 46
131 823
120 858
211 5
233 477
32 656
568 962
219 542
259 186
171 915
483 901
300 821
803 214
550 577
443 346
984 961
337 179
852 361
125 409
909 990
880 594
477 508
678 359
870 125
319 457
620 524
273 185
721 739
851 288
253 454
185 862
976 959
161 965
996 434
393 809
746 217
712 73
492 115
661 144
656 270
276 242
137 300
998 499
671 299
967 640
90 212
720 323
495 351
977 180
971 851
690 787
472 524
988 556
682 899
104 183
570 828
547 30
226 758
561 663
484 802
553 519
331 81
441 753
299 1000
221 546
536 994
706 430
249 425
965 519
861 754
992 758
938 877
833 81
762 873
249 282
714 793
566 893
554 157
403 915
139 721
79 674
586 266
924 524
36 815
753 811
240 962
170 533
409 379
546 908
528 655
639 259
397 234
810 500
406 24
227 557
729 435
808 291
434 881
30 8
588 594
771 178
991 535
373 742
210 776
562 117
107 400
699 308
97 812
666 55
461 665
723 186
54 146
367 275
693 307
106 107
474 727
571 239
609 400
348 188
225 431
814 833
48 160
964 598
909 595
676 802
272 536
556 264
171 298
478 954
745 193
86 603
140 615
436 702
953 268
662 484
591 262
168 872
155 862
267 876
111 109
703 809
150 699
211 955
534 541
276 850
519 203
63 95
83 774
945 626
623 866
971 510
542 395
86 7
997 136
258 104
933 566
769 573
420 735
223 170
578 423
817 777
551 472
520 372
407 288
869 757
526 262
655 78
752 461
248 668
853 65
873 643
511 973
481 116
493 153
282 813
799 768
821 532
919 171
174 81
389 664
728 132
691 56
108 158
74 26
438 555
866 46
32 634
27 896
122 270
468 246
625 413
330 243
280 548
351 603
767 67
839 950
866 880
649 718
444 478
306 274
953 876
457 861
408 311
686 78
852 306
249 739
98 759
93 978
450 937
22 342
928 941
980 478
50 935
200 8
606 624
387 964
860 235
879 313
805 678
225 548
888 228
263 318
584 253
487 988
271 723
418 165
538 194
898 635
2 548
242 865
958 571
232 151
512 505
953 153
490 978
3 914
498 70
124 12
273 612
556 929
540 574
193 908
104 96
215 788
533 383
790 837
955 709
833 477
892 120
30 667
697 126
882 898
82 826
449 90
674 918
165 257
864 508
646 464
905 218
339 626
696 778
401 107
256 658
866 353
136 488
853 101
784 564
363 281
458 255
423 687
49 522
502 236
52 683
201 855
203 257
866 67
801 724
587 231
900 264
979 273
637 885
529 34
22 674
594 584
666 333
465 516
364 901
171 950
615 947
248 227
728 813
31 194
508 557
185 758
37 637
206 348
353 824
927 388
185 615
77 401
964 795
634 522
229 342
799 94
983 941
185 976
867 975
79 500
68 123
340 768
968 41
966 596
825 672
254 842
384 42
923 771
377 177
269 150
110 261
955 402
881 808
708 186
320 822
177 566
788 114
826 173
848 301
758 641
320 886
191 93
218 93
806 618
293 525
310 613
226 608
206 570
544 581
47 186
907 757
877 831
986 535
864 566
773 132
242 246
639 837
108 659
408 874
42 33
136 166
816 568
526 887
484 670
605 966
753 83
934 198
1000 378
451 985
801 406
450 572
839 58
967 1
810 332
481 338
390 884
395 526
568 374
18 875
572 326
19 574
848 600
122 471
35 500
735 795
486 815
714 2
734 193
80 990
779 578
727 776
891 730
710 94
141 337
310 328
774 699
158 79
559 271
547 335
343 752
469 821
644 527
614 277
409 986
736 131
519 290
66 573
831 540
577 981
955 735
840 161
811 608
596 678
854 674
998 150
391 828
51 919
124 743
354 650
548 321
668 798
873 72
214 464
968 212
822 19
807 325
439 577
246 929
802 71
622 444
751 24
665 709
209 193
337 788
233 715
845 500
665 630
426 66
526 561
680 944
711 527
488 279
968 513
756 928
891 139
450 975
344 374
165 328
247 271
868 137
833 10
742 678
545 250
319 755
350 223
189 195
134 716
397 168
268 726
515 623
933 196
57 561
886 172
65 462
943 415
359 740
855 235
60 199
819 18
452 553
418 91
770 978
255 420
93 265
169 457
705 143
232 947
468 211
911 595
644 830
459 560
870 978
31 868
179 913
201 73
697 844
497 99
297 574
123 892
876 342
128 572
184 1000
495 984
685 376
121 275
448 557
282 487
680 136
297 728
988 296
546 561
488 921
586 862
609 165
257 122
521 789
442 54
159 375
426 56
680 422
672 905
607 885
702 807
719 847
314 921
211 604
711 943
710 518
414 67
966 924
503 612
219 57
20 958
115 504
189 833
425 853
808 62
690 978
431 900
397 820
418 241
717 491
34 727
206 848
377 850
106 560
94 721
439 730
707 58
449 350
342 3
15 411
648 556
364 783
998 766
324 921
40 700
937 434
460 201
851 1000
803 845
308 437
463 304
754 165
493 911
259 747
151 969
669 908
598 18
284 174
89 2
632 731
568 464
472 37
456 874
660 544
368 86
539 337
706 290
675 817
268 329
431 143
89 476
967 457
687 958
325 628
433 287
839 147
92 564
983 917
610 185
574 452
999 841
356 989
486 868
322 733
689 959
505 366
468 358
966 429
14 558
74 253
2 78
679 776
849 400
685 459
334 267
390 745
796 612
871 480
61 922
679 693
353 787
135 191
103 203
470 714
896 541
14 840
866 595
903 186
154 855
393 565
954 254
958 734
461 926
888 118
409 771
564 881
257 416
564 874
777 744
595 881
301 892
263 313
584 254
178 883
332 796
479 155
225 660
64 790
209 709
385 206
509 724
612 699
199 971
358 987
51 38
835 237
178 728
967 984
470 80
808 895
825 71
429 615
635 872
776 36
731 317
704 513
256 629
811 389
155 377
748 600
553 606
937 319
593 333
960 584
502 963
657 936
895 616
60 425
869 633
620 305
154 587
148 964
203 435
522 549
302 325
625 350
917 872
213 774
906 907
729 200
583 221
821 664
787 552
365 748
921 542
353 236
626 907
11 546
415 268
398 762
516 11
741 822
278 28
581 349
913 787
157 758
709 441
465 293
339 380
214 888
918 324
966 683
509 180
445 339
419 180
685 209
999 305
811 519
370 493
559 569
177 331
676 891
453 558
972 530
555 634
737 371
663 623
172 202
335 526
157 314
927 842
604 197
57 382
279 983
214 292
161 168
369 259
767 664
871 315
242 21
775 279
46 786
151 674
354 554
364 663
949 195
77 822
540 690
63 487
268 973
360 886
893 436
952 90
679 217
536 793
259 658
562 809
854 65
576 757
612 259
248 870
890 285
284 150
236 255
364 964
790 680
437 944
280 950
5 348
445 389
510 768
70 882
62 406
191 758
46 893
688 342
191 839
362 455
59 493
690 137
486 812
838 798
179 948
760 445
870 902
357 593
624 284
112 448
791 250
978 287
559 270
407 525
785 453
235 266
236 609
76 782
257 236
865 119
611 631
941 58
562 177
563 760
750 826
935 604
884 4
866 539
713 180
474 352
366 946
594 113
347 495
821 746
863 799
70 376
25 779
228 774
573 293
214 465
34 75
860 323
848 379
719 648
647 415
336 431
815 841
829 672
335 659
198 965
768 92
536 40
600 943
345 256
244 59
812 764
483 142
20 479
485 629
74 544
695 710
38 207
235 123
938 73
481 546
63 360
854 109
820 53
90 278
949 278
118 168
599 411
35 804
678 14
237 310
735 203
352 928
44 942
777 303
464 990
448 499
50 283
322 468
985 140
767 884
95 313
207 403
990 46
539 146
334 530
586 411
531 502
767 787
283 705
1000 877
732 528
606 663
149 744
813 305
961 582
818 201
103 81
729 546
559 600
507 802
864 375
872 770
407 529
289 622
740 375
995 241
319 414
634 580
804 234
914 854
440 605
97 378
194 724
447 314
802 791
56 685
110 480
883 160
276 434
663 550
675 236
881 903
385 334
940 248
447 24
105 177
507 357
439 676
522 232
209 147
377 849
211 957
732 54
664 121
294 818
579 102
819 138
325 108
129 611
332 46
189 403
820 369
561 544
56 88
511 536
789 560
464 269
842 639
325 708
289 470
844 32
442 992
539 688
322 278
477 698
539 419
756 859
887 499
781 418
739 40
867 127
942 655
338 568
213 849
985 232
94 76
725 246
726 657
53 660
549 952
198 30
37 148
169 292
762 109
851 426
273 262
349 51
116 290
210 859
636 518
152 81
272 186
53 971
257 778
40 422
793 872
821 270
563 786
430 799
144 388
245 802
996 816
188 981
288 931
988 140
591 81
666 184
979 321
10 420
449 844
949 535
290 148
842 473
438 4
461 925
63 953
524 189
798 292
712 933
305 369
110 508
770 285
771 620
77 205
703 617
405 822
297 981
228 847
216 911
841 656
392 474
882 335
409 297
981 617
604 768
678 571
328 539
323 256
324 623
273 747
91 876
367 971
99 297
13 745
820 207
488 336
566 511
843 678
593 307
958 117
764 444
584 522
144 759
844 68
847 807
388 482
136 27
78 498
593 733
356 525
913 214
861 568
219 287
592 275
956 876
350 39
647 841
890 216
710 455
143 542
518 958
500 455
463 253
943 199
563 52
202 73
476 376
719 428
499 521
779 971
176 612
47 355
196 623
88 368
540 416
802 667
676 160
310 354
774 733
222 942
282 451
211 475
619 54
875 960
128 997
36 214
107 747
1 154
355 953
881 877
73 312
58 76
636 30
121 548
200 181
439 974
101 251
603 361
362 745
988 805
537 139
115 435
708 164
801 175
495 324
405 556
190 306
969 856
638 652
694 866
181 85
596 948
7 569
356 237
413 354
397 605
159 642
769 714
93 998
13 525
646 274
742 696
711 331
307 129
532 462
96 896
572 930
269 325
87 706
4 940
891 956
714 991
71 852
201 736
133 192
101 903
175 220
113 429
166 433
26 364
524 547
361 635
87 913
222 872
781 93
13 435
880 792
2 132
166 659
760 446
776 419
782 633
845 763
809 445
41 971
885 202
686 21
103 189
890 301
767 234
428 538
571 343
58 270
64 659
671 976
305 223
345 986
641 261
491 737
901 859
614 154
448 737
236 768
384 153
591 190
977 382
263 243
438 383
918 949
764 945
270 548
107 898
950 474
54 143
202 128
209 182
962 492
68 895
985 182
343 167
78 432
603 607
881 341
453 948
94 650
938 276
21 528
226 514
812 765
389 92
285 155
585 746
463 704
742 725
375 20
748 530
535 940
668 371
597 272
707 271
249 181
817 883
378 155
532 482
751 734
536 997
420 501
959 941
826 882
557 898
961 25
502 228
178 805
783 193
661 932
562 703
670 818
14 310
199 782
516 220
645 496
973 890
162 896
696 440
468 89
297 403
444 326
227 558
283 704
947 361
197 394
438 876
240 675
22 111
280 634
173 145
68 505
213 752
269 702
934 688
975 44
335 268
524 948
311 406
129 388
22 329
319 29
848 535
914 360
698 882
456 121
720 742
93 892
504 357
324 677
55 288
862 944
542 818
388 548
872 735
120 420
964 247
587 884
567 314
307 330
8 623
637 50
967 609
788 17
530 642
213 950
321 361
367 950
815 578
392 236
725 324
655 181
554 312
367 551
891 169
85 210
322 228
17 658
398 49
311 784
627 659
611 310
246 335
145 273
531 89
436 275
227 582
435 93
952 881
700 727
813 848
596 416
562 720
501 164
763 177
300 692
283 398
52 577
259 169
375 139
231 221
782 791
718 657
865 355
225 12
5 966
391 301
305 948
608 715
553 222
29 228
102 293
840 398
306 470
491 990
992 217
184 902
465 319
727 675
107 270
594 979
884 974
914 965
273 690
689 232
907 177
505 575
767 819
881 832
902 822
920 260
884 125
760 67
85 848
512 734
654 777
626 532
399 410
236 840
936 558
684 436
632 125
689 458
375 56
102 865
801 193
492 837
916 167
936 701
132 630
133 731
279 470
51 894
55 879
825 875
935 474
792 28
333 388
831 133
52 348
199 479
284 132
890 690
462 587
590 453
513 887
308 117
971 415
350 878
100 247
670 319
854 21
565 11
233 530
787 1
437 696
754 188
245 661
742 669
265 495
618 903
161 312
237 475
32 93
360 570
109 161
956 766
939 488
333 857
579 897
356 526
58 836
807 689
667 482
960 360
647 840
636 965
421 327
80 727
796 821
505 46
89 687
168 58
919 57
210 685
955 969
991 731
334 762
482 953
504 225
770 186
849 659
847 440
280 690
858 867
876 408
992 229
743 72
818 353
930 641
477 404
116 84
758 527
797 949
874 24
68 215
586 916
112 787
410 590
565 570
570 480
827 499
831 475
320 939
889 558
952 854
401 750
760 829
319 4
102 668
898 717
4 556
671 448
233 748
536 125
323 934
6 353
848 887
997 868
88 580
413 353
333 650
262 654
640 346
768 271
56 17
497 385
170 505
522 786
962 77
356 460
90 304
473 168
246 439
680 565
973 626
479 279
688 852
710 401
213 167
394 963
331 256
40 803
848 906
80 548
689 650
237 522
431 505
853 503
508 904
112 149
38 365
22 870
832 190
889 451
619 870
856 52
183 484
931 546
736 602
257 599
476 349
840 744
932 216
610 494
900 638
288 782
538 226
334 321
463 359
780 107
348 37
934 740
98 540
727 619
927 101
434 570
296 551
114 995
50 618
694 259
310 24
148 227
595 186
499 209
451 82
626 604
309 336
76 637
194 912
929 355
641 87
589 313
208 220
31 292
275 446
521 442
247 266
263 545
177 928
180 449
474 162
366 492
347 305
982 629
209 343
726 348
817 656
808 825
844 175
846 549
705 727
155 690
290 611
990 720
593 378
27 380
66 154
303 219
866 437
540 950
338 762
425 418
363 341
625 58
532 594
147 692
922 626
243 991
800 154
584 801
89 453
666 639
23 462
687 935
342 640
951 530
352 640
683 580
540 203
46 132
28 407
359 455
165 794
149 645
230 368
66 753
766 646
126 289
914 547
349 94
387 673
83 110
700 45
529 888
415 87
129 362
681 325
240 563
573 367
261 893
45 982
317 657
140 942
90 705
712 606
110 644
419 225
918 133
376 194
12 368
306 533
914 852
258 720
276 948
304 62
932 688
182 51
699 135
922 490
444 890
744 116
875 582
859 861
931 376
392 169
475 84
613 326
306 966
474 100
223 611
238 857
677 842
987 542
630 559
275 474
392 286
856 995
769 637
270 291
933 673
366 392
351 348
502 728
564 323
251 88
351 493
372 904
351 33
803 846
716 21
240 294
520 376
207 674
908 711
125 259
217 122
236 178
20 243
867 16
833 128
753 368
237 280
365 483
184 149
294 801
957 255
762 905
283 16
9 971
145 23
57 707
739 443
351 929
904 142
952 592
865 881
922 872
981 459
306 245
591 1
566 545
314 728
831 925
945 124
415 442
474 994
201 106
558 234
485 785
887 934
600 352
432 306
503 953
558 25
335 864
429 411
514 67
638 228
257 42
153 489
524 40
413 935
713 225
567 202
457 931
149 93
958 733
723 440
281 333
10 309
230 188
440 746
846 54
538 879
427 782
177 701
362 755
220 757
883 47
284 602
460 168
554 248
970 571
821 414
592 826
593 23
421 559
761 981
982 131
910 732
214 249
87 357
787 403
592 969
55 971
204 7
544 684
545 69
602 158
979 759
329 722
330 637
598 225
646 325
351 449
743 963
932 762
969 770
478 899
905 222
924 46
484 629
857 245
159 257
517 73
60 420
170 292
407 177
819 219
496 442
852 815
528 557
861 935
221 264
799 625
302 187
657 88
73 619
677 21
19 663
956 76
518 847
559 17
487 90
571 623
273 480
3 139
943 31
712 519
37 488
831 774
944 746
145 575
641 179
405 5
45 30
980 399
73 977
128 918
150 315
614 252
745 355
548 218
953 622
811 632
919 6
732 30
272 612
707 840
15 649
332 771
825 916
301 632
802 63
641 251
328 682
224 523
561 908
983 493
252 89
273 580
702 431
466 733
323 510
217 871
489 522
734 988
113 918
540 653
647 747
134 442
892 152
234 862
511 722
848 222
354 267
999 142
924 131
711 325
56 385
250 379
458 317
905 250
767 434
961 93
327 205
223 479
152 771
856 279
875 469
13 894
454 257
442 760
300 750
134 774
763 376
654 249
822 879
294 320
155 130
468 187
641 863
291 596
539 56
244 802
5 908
914 572
352 451
831 981
746 767
226 551
639 72
936 171
844 780
82 231
374 583
804 98
914 734
461 833
779 292
949 732
141 559
715 918
300 80
564 901
193 928
107 614
370 82
182 84
441 350
462 452
634 925
160 690
766 182
328 1000
113 630
524 470
432 774
141 866
401 713
517 555
935 268
928 377
211 930
877 765
349 880
337 505
949 695
671 423
267 549
891 286
413 324
986 6
185 285
373 576
378 310
824 95
441 756
481 551
285 955
288 129
750 177
327 32
807 794
921 927
687 832
378 8
736 938
679 476
829 431
868 491
576 314
969 564
696 348
491 424
679 429
402 411
848 631
465 789
118 73
748 208
611 216
593 965
719 39
814 287
783 608
849 824
593 854
867 435
596 211
580 696
167 559
37 479
805 986
130 194
131 679
443 137
694 450
568 850
670 14
954 375
771 855
367 286
495 853
758 299
837 474
367 399
185 977
867 847
84 611
490 984
486 267
897 14
76 531
25 891
137 657
380 889
700 503
20 954
628 151
738 851
894 374
716 594
38 546
25 917
835 100
998 400
12 693
18 438
769 278
823 735
919 796
812 332
650 130
341 761
569 50
878 36
661 514
534 880
114 497
276 608
152 558
337 534
800 874
583 689
674 911
24 180
28 213
65 140
623 633
515 574
237 390
131 297
317 46
65 61
230 977
657 849
895 961
587 400
961 6
723 688
226 104
243 954
304 802
749 380
592 441
848 595
443 745
282 857
191 779
32 896
914 354
678 267
477 970
723 910
26 162
123 574
575 513
58 627
628 863
558 828
452 815
344 944
254 407
236 646
277 541
224 198
562 18
144 391
399 849
858 353
897 170
501 905
279 523
616 907
874 147
417 562
411 650
275 972
537 481
318 914
323 824
314 29
831 592
335 897
599 724
360 307
582 386
4 814
92 154
760 948
300 431
428 372
251 571
34 31
471 54
183 482
689 345
719 433
589 192
113 655
755 232
39 227
993 675
613 202
134 189
907 383
44 35
5 160
320 670
686 745
160 823
916 374
596 770
647 646
999 865
172 550
360 798
351 448
981 825
433 883
450 819
277 962
283 209
200 901
723 735
960 763
192 789
190 800
692 162
722 905
377 392
583 72
839 226
472 436
923 15
340 107
330 129
525 160
13 396
889 31
884 671
666 342
121 237
684 598
794 50
832 993
80 902
304 328
11 772
374 632
16 158
419 43
295 580
22 388
172 273
282 369
320 574
504 449
275 124
31 94
914 778
537 509
831 743
443 302
460 258
858 643
107 637
453 409
811 635
884 83
268 136
637 293
929 468
324 394
437 181
898 425
367 52
544 781
941 261
704 233
358 665
115 436
155 797
500 634
242 17
650 120
851 729
90 109
57 92
556 898
316 767
722 406
778 388
954 581
369 99
830 496
119 155
454 348
273 869
612 8
464 712
929 882
750 154
146 124
77 532
601 823
248 874
999 713
122 143
216 200
344 445
951 874
623 505
152 772
83 536
239 260
670 586
819 140
412 334
183 525
40 805
830 780
691 169
970 179
70 695
144 146
808 185
345 84
170 970
948 765
888 758
425 536
238 905
228 659
802 698
418 691
452 83
331 947
301 6
747 218
159 120
225 276
282 943
562 173
11 945
16 948
900 813
377 409
997 751
637 344
799 57
710 652
71 962
527 183
580 168
712 992
529 734
254 875
129 200
295 223
685 979
281 437
319 213
566 126
567 467
366 144
171 482
620 592
82 699
524 422
567 320
536 44
720 313
593 205
82 586
11 458
638 687
416 378
459 907
492 429
555 137
574 695
207 938
833 495
618 448
265 75
530 585
492 316
365 74
916 302
77 726
407 421
855 811
549 588
659 4
401 276
791 515
422 98
939 276
563 416
891 127
29 260
325 637
684 402
364 36
38 429
260 895
55 345
616 325
264 378
929 632
142 383
844 365
65 370
529 451
532 690
735 981
154 440
562 269
600 104
636 638
969 277
566 913
145 331
26 254
154 43
447 866
188 417
538 341
633 81
961 602
836 594
728 891
893 543
932 77
790 103
663 495
41 548
116 488
98 591
874 188
384 346
457 820
941 26
889 793
582 276
995 207
72 221
237 765
524 442
665 302
149 71
124 657
250 852
272 542
715 770
357 53
474 499
699 246
579 332
427 971
465 156
871 524
160 590
133 875
425 674
946 968
750 278
509 700
447 805
989 754
280 326
337 875
726 271
47 11
233 682
569 448
716 305
259 560
206 631
924 806
835 133
569 49
570 986
97 183
63 315
1000 467
878 404
316 901
100 828
711 268
57 999
919 451
316 730
160 488
334 848
170 721
333 771
288 396
606 284
18 797
239 989
296 886
117 497
390 817
501 82
891 726
571 724
629 342
120 698
508 676
974 596
364 445
554 925
121 135
79 986
170 898
615 820
637 988
948 693
733 425
112 854
771 148
704 81
799 322
534 940
966 305
905 807
516 608
884 858
978 483
871 108
755 698
552 404
182 243
510 220
93 812
923 543
822 259
950 244
573 335
590 799
628 470
224 916
612 417
962 670
341 707
432 225
931 137
20 514
257 458
672 281
199 252
985 961
307 749
589 255
954 844
973 96
756 336
225 792
119 400
52 351
702 433
6 376
303 462
56 737
973 322
920 882
725 737
778 910
899 732
369 244
76 75
699 132
624 587
970 662
985 447
761 678
35 896
520 702
855 576
619 593
449 60
507 943
970 269
364 108
221 661
369 898
776 222
317 162
389 597
530 85
344 192
880 18
847 758
234 982
299 872
191 814
473 525
991 695
689 589
193 414
464 634
913 901
474 853
696 16
679 858
540 444
999 249
642 460
880 847
737 970
150 223
889 247
671 875
969 915
639 39
292 804
165 562
258 372
816 438
27 561
603 990
196 408
107 751
699 64
478 858
390 488
837 401
696 218
648 184
831 631
873 453
211 682
684 411
246 812
10 166
332 829
570 306
409 572
105 141
767 647
775 274
411 551
937 251
765 418
531 229
720 237
233 610
87 267
588 300
56 165
777 896
189 471
982 28
347 535
353 698
14 141
911 897
750 155
812 925
240 352
374 255
69 643
235 679
521 724
28 313
478 73
958 375
869 920
152 17
412 335
984 125
748 238
987 942
235 965
930 895
625 381
347 979
166 437
459 701
406 388
10 853
875 245
733 914
108 220
683 746
278 66
481 54
275 294
525 195
257 965
19 802
563 801
358 239
88 511
141 331
359 919
810 650
614 444
172 359
546 692
453 346
166 881
261 663
758 679
858 757
591 21
120 174
998 57
73 728
970 598
774 366
328 700
720 540
348 501
168 883
298 718
724 648
160 547
502 751
829 836
987 214
237 971
328 889
321 498
534 665
187 265
668 651
709 697
797 297
668 710
717 82
683 334
8 710
946 948
806 392
734 620
251 945
68 537
716 413
560 412
464 294
906 453
428 641
821 246
995 191
122 817
817 887
322 271
294 937
38 970
531 174
518 64
520 445
170 762
448 456
929 639
611 77
23 459
407 104
946 218
363 116
95 437
207 271
923 246
357 670
908 733
583 160
288 591
843 444
644 804
849 830
773 600
754 849
130 81
279 777
244 183
46 101
268 231
913 734
953 857
383 300
330 440
849 728
991 941
482 751
710 975
215 487
219 992
202 766
11 750
864 106
305 13
393 620
732 81
533 160
867 990
851 453
195 169
893 66
334 335
536 363
112 941
21 493
557 235
420 919
229 409
56 912
205 556
635 612
817 471
176 473
233 792
953 247
722 460
949 690
698 293
411 668
638 603
678 754
436 249
976 478
151 598
227 253
464 258
375 500
154 775
985 416
894 816
200 796
726 176
630 586
920 565
598 20
673 323
89 4
473 229
131 299
251 227
598 135
217 232
554 233
496 401
403 575
654 4
969 726
791 990
574 383
106 611
838 432
567 658
476 401
773 944
131 86
776 257
562 302
980 33
213 958
16 406
182 551
224 361
335 79
746 674
69 159
878 819
315 243
406 174
709 463
896 612
535 199
391 207
750 908
984 625
210 203
567 854
914 804
818 564
918 164
727 556
158 889
859 668
932 320
715 848
457 928
498 622
573 594
766 44
172 77
689 125
673 592
875 662
822 435
881 981
499 138
656 657
931 281
441 5
498 494
962 417
584 115
811 607
272 793
911 872
665 278
105 289
363 837
513 986
589 79
982 345
995 392
274 527
816 821
303 457
432 558
19 421
111 364
494 348
546 524
857 349
535 867
153 316
647 529
229 297
813 225
865 854
167 492
337 899
636 227
138 754
309 422
656 573
127 504
53 453
915 278
809 895
166 172
792 587
19 490
506 123
895 999
914 425
80 572
777 362
250 132
892 571
986 560
201 856
90 842
442 453
593 771
541 739
277 501
889 5
762 253
67 961
547 459
916 814
966 387
272 155
901 680
353 960
262 506
746 809
953 657
603 421
941 208
10 498
541 950
681 531
441 470
542 620
897 318
145 862
64 48
337 246
233 37
971 883
328 975
936 526
107 809
405 853
104 790
11 194
717 476
264 749
300 284
708 161
802 58
660 76
552 973
494 30
212 843
394 312
180 489
305 861
883 757
783 793
130 972
618 709
892 36
195 300
803 557
144 221
19 26
242 241
761 871
78 635
709 374
663 869
178 585
604 519
990 760
332 450
427 478
160 51
462 542
125 661
952 207
203 119
367 712
308 219
854 202
201 538
623 507
146 141
972 257
847 951
925 661
530 39
164 505
380 163
991 500
97 246
649 883
355 366
339 885
946 311
984 126
109 931
37 198
505 374
493 516
539 140
101 787
874 533
936 509
330 163
918 288
41 812
294 590
710 198
288 659
145 766
787 699
379 70
227 902
778 416
258 965
622 134
272 135
63 649
139 361
949 680
145 536
348 33
42 884
956 288
408 374
340 589
366 965
756 213
10 377
357 142
61 686
413 876
290 217
348 327
167 701
583 420
710 541
253 478
971 799
883 123
404 448
668 789
464 219
910 974
693 454
217 565
270 553
994 839
629 532
423 117
689 359
910 633
55 865
896 603
20 135
115 259
405 587
872 390
263 541
211 788
195 379
768 193
716 271
788 140
735 306
356 142
194 33
655 860
846 65
534 875
706 132
591 51
857 272
334 487
616 169
800 944
195 550
895 601
159 899
955 992
546 535
498 589
249 433
782 115
806 85
274 314
425 958
445 419
394 995
877 352
364 181
883 991
60 222
903 890
326 121
273 131
130 268
477 995
965 170
467 181
843 318
594 632
611 810
911 616
26 252
726 617
757 77
301 471
366 647
59 237
218 560
343 685
720 844
223 939
187 129
996 745
529 604
372 131
449 787
880 858
63 899
586 936
695 94
606 559
13 776
832 632
154 540
998 181
732 449
953 276
238 270
185 130
920 203
320 919
747 516
275 369
703 849
9 317
418 379
495 379
797 445
723 671
530 536
361 863
90 35
347 432
440 14
846 922
351 344
677 680
551 67
185 318
884 234
138 588
268 915
198 596
53 383
645 27
578 46
134 528
653 512
946 522
928 1
621 396
434 374
4 36
320 369
748 785
142 174
364 10
916 913
900 510
558 758
763 180
293 249
155 21
623 672
920 195
499 898
942 256
670 787
16 376
951 626
681 122
739 268
481 12
870 614
550 346
393 854
400 156
121 214
781 96
32 609
970 939
644 680
224 217
389 363
740 817
451 466
767 216
179 611
275 864
957 528
961 725
447 614
140 313
974 845
998 119
818 457
159 195
896 387
640 849
208 491
262 200
71 275
361 3
287 815
788 256
241 629
583 194
633 431
32 154
870 396
414 166
896 161
328 803
592 528
210 55
977 458
885 705
615 472
587 791
163 627
916 19
494 3
332 874
997 104
266 328
765 412
180 278
751 89
128 377
169 515
332 249
868 923
264 873
929 9
33 60
217 783
713 690
501 591
411 891
730 87
986 253
146 388
683 183
761 827
583 662
765 623
659 62
496 208
367 695
748 838
27 312
469 131
570 734
689 949
943 495
466 663
677 319
933 133
536 593
209 863
212 458
86 487
456 540
311 390
757 882
740 608
559 172
339 969
781 162
395 619
770 917
905 670
931 666
714 22
861 837
623 922
122 591
106 545
192 212
432 323
250 470
692 737
684 593
903 497
554 541
696 786
508 549
988 255
352 475
430 940
159 22
344 685
201 356
366 558
160 133
238 864
406 190
315 508
888 42
809 419
340 921
72 23
823 92
384 179
298 601
409 699
450 396
413 824
380 845
536 309
476 935
77 235
769 433
474 425
665 320
636 52
367 538
542 158
673 861
712 165
162 218
163 623
793 420
172 999
158 278
604 994
494 142
601 540
998 840
5 78
888 430
313 312
846 978
687 586
155 685
172 517
824 172
695 763
207 753
887 147
268 603
225 277
269 494
68 344
40 522
568 324
726 200
500 560
386 701
114 534
771 606
820 382
550 944
456 937
900 438
80 537
338 851
448 29
681 33
844 731
666 663
279 136
421 868
174 934
761 911
22 234
867 411
193 632
106 971
641 972
325 107
953 978
553 136
944 571
230 472
231 113
657 346
145 654
850 333
813 343
851 92
689 841
853 566
489 227
931 916
443 222
291 386
756 214
275 591
906 685
407 145
250 831
362 789
677 328
617 793
138 386
746 191
431 891
483 584
997 854
34 66
822 235
367 472
932 639
772 980
884 336
228 156
786 568
660 97
493 240
893 901
828 815
800 612
564 453
177 987
125 997
381 603
110 11
461 483
856 485
636 471
428 748
712 447
223 185
753 230
165 368
147 989
946 615
14 111
380 507
368 467
386 750
173 694
138 651
69 613
530 249
913 263
660 532
342 569
813 870
985 149
697 521
493 429
312 617
61 114
398 923
934 889
370 184
135 903
253 603
41 783
829 254
193 580
835 917
291 243
258 24
667 892
634 505
861 925
266 575
799 363
69 74
552 44
440 774
607 462
595 398
762 421
214 840
71 893
955 22
206 156
963 483
374 982
323 832
239 348
441 269
224 907
279 705
881 815
129 184
421 311
349 541
668 971
171 293
832 633
651 31
965 435
148 115
447 1
192 496
212 794
898 543
996 302
707 149
800 529
998 404
212 140
806 603
310 906
355 783
651 842
90 32
76 211
548 801
273 657
129 661
905 84
172 717
711 376
979 464
420 599
243 864
249 483
945 585
749 86
472 190
493 792
133 327
490 1000
781 475
602 328
198 375
398 853
610 879
242 106
613 584
601 16
32 789
924 175
611 107
995 776
174 879
140 267
213 971
142 457
365 512
961 793
461 529
47 340
769 670
982 625
179 836
862 459
365 657
922 996
338 287
301 425
875 76
326 772
164 103
14 530
646 334
353 954
525 410
693 968
91 883
123 784
755 515
495 772
942 189
563 648
177 69
714 292
70 303
570 359
720 696
993 852
426 575
618 43
466 812
437 793
452 239
989 384
289 369
521 650
168 702
81 131
965 407
703 743
426 337
890 986
120 454
108 883
660 170
368 960
846 213
24 140
479 980
734 614
980 923
161 117
470 249
879 151
756 706
498 206
527 299
251 906
165 575
91 869
6 270
392 142
927 658
539 614
795 528
816 533
238 982
27 315
374 150
145 212
473 199
181 574
832 394
207 562
863 71
44 877
133 460
642 237
986 574
643 371
75 885
948 237
620 463
303 877
586 331
948 630
420 15
415 134
758 69
80 860
447 854
670 927
344 993
98 272
192 213
419 190
179 977
607 497
420 493
371 377
843 645
435 744
844 884
611 579
512 914
72 137
552 371
918 838
371 151
799 65
784 473
36 435
276 386
8 864
101 147
430 655
381 227
457 723
172 194
814 753
817 307
324 261
841 693
664 154
239 106
704 747
9 491
944 186
671 313
158 132
615 281
298 779
957 251
428 634
485 359
677 781
604 995
241 195
646 248
850 607
468 558
234 712
787 434
424 588
63 495
503 244
415 886
78 982
311 801
882 991
69 767
506 443
35 931
296 405
223 122
782 149
985 15
913 282
342 924
532 580
493 736
97 607
722 982
796 113
175 116
804 580
537 839
538 681
161 959
400 145
717 674
593 988
633 863
596 341
779 927
707 786
343 820
216 487
72 502
957 260
616 666
999 137
505 445
269 770
255 233
775 632
409 135
653 156
124 820
913 759
614 435
799 263
656 31
31 169
54 858
687 959
258 343
582 683
850 221
127 412
339 288
269 629
418 913
348 210
701 594
194 712
201 400
756 70
439 954
667 735
863 775
77 142
372 510
524 467
758 114
932 632
811 889
15 281
107 776
466 338
461 273
986 400
129 543
42 488
560 357
579 3
282 58
349 44
255 922
290 522
610 759
223 184
260 438
99 358
9 114
476 836
593 380
801 719
939 264
388 18
856 730
506 479
144 566
289 435
199 80
47 236
303 86
424 469
960 295
62 299
857 929
341 368
434 178
127 259
678 145
901 437
279 62
764 220
981 320
568 283
273 129
40 148
98 502
654 329
472 287
58 600
476 319
691 196
268 19
718 559
511 279
192 285
710 947
129 364
899 256
573 361
116 500
465 724
248 36
92 109
263 46
46 330
136 901
879 702
187 240
724 969
874 90
323 976
768 867
202 991
846 476
557 87
72 447
539 648
936 712
780 585
363 973
750 683
558 2
592 709
877 732
414 874
146 764
205 729
350 612
276 783
410 981
513 876
454 710
790 838
792 293
683 240
302 890
592 114
792 340
762 590
808 695
122 993
873 623
296 478
259 722
955 913
761 654
635 427
930 593
950 916
256 640
424 290
460 416
543 783
622 780
540 7
333 831
544 66
981 243
140 437
291 547
166 353
848 584
602 619
986 714
145 410
218 880
790 330
973 960
687 54
144 559
791 84
649 619
637 984
782 649
831 529
219 547
164 96
760 762
870 838
28 663
982 848
242 660
733 470
59 11
41 516
980 369
653 309
694 419
658 653
919 220
521 943
315 466
153 499
155 417
770 354
241 666
498 267
322 844
281 343
10 319
505 945
456 235
935 749
827 492
242 772
243 229
929 666
82 349
851 377
393 798
965 406
146 574
528 922
704 640
907 485
529 375
513 942
72 298
698 482
831 130
156 410
506 595
345 471
294 296
26 954
777 834
544 563
800 685
432 545
273 739
259 528
385 765
651 710
262 120
765 764
507 212
532 323
471 625
260 398
263 773
235 558
731 677
425 218
189 145
787 228
331 224
801 384
51 33
812 919
330 936
956 868
728 251
122 86
771 642
658 154
19 556
900 355
812 963
875 269
66 152
985 899
74 36
826 40
166 540
369 736
45 515
745 809
282 41
549 213
202 448
206 392
23 210
619 145
638 399
662 911
314 873
211 483
88 406
491 947
741 543
707 643
83 157
822 368
328 20
438 73
21 223
793 110
421 789
978 82
10 320
673 640
249 630
893 805
7 109
335 608
251 621
396 548
685 841
295 310
25 822
581 809
674 413
486 423
72 503
66 315
93 607
993 593
975 545
251 843
158 133
73 926
444 156
925 189
697 198
643 953
800 713
492 513
433 944
765 303
52 174
414 973
436 13
460 187
544 718
431 266
491 304
78 745
730 216
329 577
471 906
4 111
156 930
450 643
643 432
578 135
799 829
213 160
948 309
861 532
553 143
312 591
465 803
616 509
247 897
941 587
60 164
903 672
32 973
333 584
296 978
369 652
550 658
74 171
862 384
738 146
791 156
634 483
945 340
177 162
766 764
714 411
736 447
440 876
444 408
305 70
804 104
609 16
686 140
943 551
568 811
954 204
280 947
324 68
287 848
552 767
326 766
628 10
831 407
188 763
104 742
761 887
180 571
517 644
148 89
63 846
29 810
968 222
570 126
569 85
115 407
523 140
512 443
52 364
159 584
825 932
133 185
113 842
996 155
992 226
851 760
673 232
485 410
342 509
553 850
276 987
117 819
25 733
433 988
387 514
938 175
21 905
133 79
377 527
355 981
497 422
445 222
322 267
431 415
753 117
293 410
829 312
132 24
691 267
18 931
825 465
430 332
433 408
361 919
771 368
592 467
387 123
856 104
766 943
330 254
89 383
434 564
410 43
50 114
912 345
134 960
922 910
117 58
279 287
948 635
560 925
827 775
760 482
614 461
301 468
453 435
103 72
49 176
433 36
219 631
23 907
870 810
362 85
269 519
257 199
44 265
194 698
853 953
286 346
987 507
806 925
76 698
21 23
97 369
466 838
250 849
42 905
495 49
903 110
962 550
817 859
107 969
200 245
326 761
13 821
827 304
495 422
812 36
299 251
427 974
509 750
798 211
727 219
533 398
472 41
392 438
176 477
219 465
20 166
671 385
450 7
358 900
218 27
786 80
590 371
393 189
251 81
391 138
237 94
420 706
558 345
118 483
246 724
483 513
484 713
108 717
702 75
333 988
229 667
587 313
71 104
454 880
75 109
973 524
723 713
764 375
655 448
269 133
201 727
454 131
44 907
722 927
965 541
288 385
198 132
678 178
32 822
188 426
942 263
869 813
467 229
986 715
697 916
644 885
316 454
44 796
352 274
595 334
151 500
465 533
884 816
319 252
297 512
429 3
178 261
362 38
662 83
519 702
468 140
906 513
979 860
656 88
270 936
344 927
306 560
366 896
37 672
77 371
393 985
651 172
854 917
237 621
845 878
847 640
640 804
336 322
427 925
210 295
484 218
124 289
312 427
202 835
57 488
831 316
137 256
216 775
17 810
841 616
733 522
591 623
371 761
636 315
980 905
712 283
494 241
422 370
703 967
765 266
507 102
659 357
260 504
924 775
450 922
358 819
181 794
369 202
37 354
942 871
834 52
325 687
967 240
933 928
791 582
593 699
26 716
798 538
624 735
145 202
19 337
938 921
833 101
942 577
563 268
676 354
36 692
718 936
520 121
648 14
723 594
118 24
50 472
782 985
1 676
292 365
610 224
425 772
598 385
981 263
305 750
253 656
568 724
515 847
109 506
245 60
943 191
163 361
258 47
442 432
153 771
818 55
893 593
269 877
3 319
989 62
865 240
701 874
577 676
797 875
562 48
374 626
491 806
720 888
349 304
483 994
486 235
125 297
254 151
510 253
573 513
756 588
318 944
154 945
448 670
34 347
384 182
828 689
278 598
816 137
195 212
927 175
505 844
824 644
822 403
777 562
337 123
351 503
620 706
34 61
579 267
838 192
780 530
695 417
555 274
955 540
78 349
670 97
817 531
46 831
621 525
513 826
308 162
754 157
920 804
388 794
261 20
997 282
854 381
892 32
12 970
392 302
768 360
742 737
385 728
890 577
69 876
469 66
587 739
414 605
492 357
207 754
407 268
964 651
822 659
574 78
976 297
406 716
161 595
37 725
122 248
303 45
929 598
679 390
539 275
79 714
151 233
482 128
598 869
415 692
736 739
790 384
113 420
244 954
118 919
65 281
551 420
16 323
679 209
909 159
639 224
219 765
477 189
150 13
50 177
4 13
931 776
906 630
227 795
729 637
453 325
186 192
611 609
571 611
851 206
580 496
671 987
429 476
305 214
309 646
37 663
811 716
626 732
449 771
750 947
578 864
285 302
824 600
2 624
206 976
155 846
138 16
698 218
379 428
592 731
983 885
792 45
668 640
655 808
647 294
906 236
768 894
447 204
806 397
220 986
756 516
960 893
873 992
881 477
973 261
333 678
136 254
877 937
130 964
4 957
151 958
687 728
450 537
356 488
35 833
380 502
610 983
830 240
282 938
66 773
473 936
950 825
826 891
739 54
633 543
830 835
584 844
601 57
89 461
770 566
365 392
597 45
691 40
692 791
549 906
979 21
880 95
532 696
495 670
614 736
339 898
321 659
766 528
288 446
607 277
629 493
114 874
614 627
829 54
139 427
909 131
325 76
515 20
737 900
455 953
351 760
482 633
657 315
554 709
3 345
866 723
300 781
504 400
512 941
152 435
234 25
641 719
26 366
457 830
614 553
91 289
50 518
822 424
205 490
941 310
673 568
112 930
123 637
742 162
101 58
67 102
133 874
362 534
935 297
739 696
497 773
330 184
907 328
105 328
38 948
760 748
302 777
618 758
46 887
565 909
255 811
237 204
99 311
834 837
583 537
604 596
454 599
935 156
494 308
126 770
562 788
48 966
604 598
242 388
360 967
913 879
775 565
408 937
89 440
880 413
469 385
493 678
773 884
267 598
435 213
302 167
936 445
226 488
886 417
444 140
639 299
897 566
309 370
679 684
594 600
563 987
575 578
734 132
311 205
847 431
867 549
597 660
378 602
509 308
282 356
286 292
107 761
384 458
50 855
358 394
453 430
76 735
281 341
341 717
492 302
181 308
642 806
1 86
366 880
665 511
461 100
923 819
524 918
656 662
694 114
487 976
38 758
389 360
653 738
696 530
769 474
309 1
976 770
206 699
484 57
507 219
427 413
631 499
906 164
341 769
892 207
422 450
8 274
997 374
826 622
384 565
601 989
706 200
626 415
23 962
256 767
756 786
562 907
264 218
66 218
695 945
554 39
886 880
122 229
505 219
908 902
145 90
527 40
644 52
57 630
666 524
44 872
761 394
868 426
964 965
126 564
293 179
39 915
832 171
725 144
566 928
458 291
818 933
123 979
434 858
724 79
581 322
728 906
378 527
876 258
970 971
607 498
958 492
573 318
709 275
10 620
763 656
215 268
620 895
185 514
130 133
611 580
694 397
89 882
276 286
595 56
278 740
28 923
340 933
414 484
453 386
935 514
774 388
561 73
124 727
396 550
789 73
370 371
189 813
743 672
494 35
721 45
171 12
816 839
176 486
402 856
171 157
834 887
321 874
48 672
916 273
789 525
739 942
207 844
43 999
635 769
947 701
90 406
19 142
609 882
868 433
846 577
99 476
483 125
587 371
750 157
97 739
726 922
711 210
288 236
696 458
253 480
758 363
904 38
980 612
658 109
640 992
878 688
700 656
293 198
459 802
526 12
106 533
752 239
182 710
934 849
701 58
938 668
795 61
196 550
201 968
476 342
638 968
726 582
13 425
314 664
22 89
830 736
64 463
880 54
451 827
864 358
598 767
124 934
384 373
791 380
159 246
223 963
295 502
791 493
872 975
528 235
340 953
586 945
606 564
591 128
281 269
348 499
132 672
684 117
281 446
466 898
399 803
788 427
627 69
8 637
372 616
836 479
156 552
578 690
74 885
336 184
462 904
636 467
485 329
445 629
119 116
636 66
692 476
877 936
91 991
904 228
640 686
324 847
184 346
705 968
999 746
4 220
351 807
299 904
909 335
499 941
740 597
335 339
282 845
610 485
912 460
92 548
218 667
130 265
645 486
39 859
540 220
286 668
734 148
58 615
573 132
417 716
453 6
734 169
457 195
573 245
649 733
420 288
427 516
654 537
474 553
993 33
125 606
651 309
963 487
283 873
768 759
242 652
339 430
883 173
811 952
205 489
298 541
210 321
85 819
855 275
881 956
534 716
538 643
171 438
483 616
587 878
290 472
534 703
803 906
224 604
246 921
945 540
711 705
640 78
973 198
86 107
209 281
599 12
60 708
262 700
484 868
858 41
414 523
275 195
579 881
484 715
341 78
89 157
640 283
796 406
190 957
528 796
104 369
878 270
679 363
576 520
231 822
778 520
601 235
714 906
566 699
19 420
682 428
190 671
999 927
50 306
507 521
736 829
643 283
592 433
979 403
248 391
857 819
662 644
404 764
277 618
799 533
782 797
110 582
163 335
291 770
808 120
960 83
785 344
605 375
696 31
364 459
934 635
349 441
775 701
362 36
491 968
638 247
477 277
470 710
334 500
847 204
232 599
875 767
705 983
37 686
702 892
152 184
940 945
941 392
279 737
29 718
141 704
914 960
93 711
334 211
907 393
897 147
702 606
519 124
722 136
63 128
160 609
721 960
963 31
410 901
659 502
481 269
440 64
978 197
752 565
858 154
472 977
865 910
592 962
139 835
901 494
830 476
106 922
489 934
368 778
740 41
134 614
517 459
289 399
591 340
593 605
526 86
565 307
805 356
597 130
744 842
247 777
585 714
251 458
770 588
243 926
400 330
231 277
752 501
51 815
183 598
937 86
747 570
338 477
625 475
268 62
537 905
3 101
187 256
60 252
763 437
698 764
236 339
884 743
227 912
999 246
486 911
115 979
421 560
965 51
452 922
823 181
365 915
386 312
515 269
828 732
903 146
979 856
91 72
836 183
965 341
843 335
150 419
10 222
79 443
471 125
220 291
846 27
538 840
64 991
711 875
379 386
986 358
458 799
609 693
178 9
336 447
669 403
686 563
814 612
767 652
860 482
94 778
295 17
685 649
462 514
930 208
569 400
371 719
518 43
702 340
460 39
777 867
907 736
910 641
488 296
566 295
200 636
556 777
263 725
485 581
133 937
915 90
274 46
220 790
518 341
34 14
673 412
773 275
915 459
347 669
39 707
800 25
484 530
108 422
308 846
476 642
98 140
5 320
189 35
696 329
683 965
819 5
162 768
663 140
596 337
689 529
302 220
899 10
390 899
871 382
486 984
71 630
165 765
701 795
882 55
615 885
400 962
555 918
735 556
167 149
758 839
66 551
448 990
345 950
897 799
715 560
810 772
850 217
478 686
50 913
362 911
73 368
773 143
385 92
480 350
957 964
580 257
91 928
556 282
102 852
379 561
561 621
328 785
57 309
239 37
132 230
842 239
711 847
881 608
902 84
299 33
502 552
731 34
483 10
349 839
851 765
837 946
363 771
125 992
146 295
134 268
302 866
782 424
20 483
369 7
816 578
891 134
269 444
517 214
167 477
522 828
744 996
543 902
490 932
587 286
659 125
74 679
887 776
562 592
982 285
442 818
909 934
812 820
205 401
420 877
863 155
932 109
598 348
909 479
734 851
994 201
10 880
980 20
89 749
168 614
792 982
96 899
654 508
259 619
331 745
816 306
970 768
510 89
44 373
889 176
323 694
767 179
514 117
326 694
606 759
534 112
441 423
331 983
478 650
283 872
684 308
689 74
432 253
152 204
595 864
506 857
380 882
841 868
594 472
423 23
192 881
694 950
117 867
778 501
180 431
346 979
272 978
837 277
721 133
76 556
595 668
855 854
656 872
414 520
455 164
347 551
39 421
759 506
852 712
835 748
18 224
106 266
448 269
265 329
564 107
86 243
752 507
501 191
428 898
857 16
839 96
5 664
616 425
501 169
835 713
121 904
217 354
109 980
611 117
518 974
353 354
761 349
377 100
202 252
278 146
357 699
84 101
212 146
451 698
895 191
625 399
844 623
295 885
386 51
700 4
853 663
33 846
106 780
109 647
380 353
316 295
889 227
62 775
549 951
221 254
161 862
686 88
529 995
568 887
666 431
723 469
281 170
689 229
818 451
231 666
421 260
760 78
337 131
588 696
25 913
827 480
889 543
536 334
651 911
817 411
964 222
346 149
901 715
590 145
621 550
555 184
669 208
872 452
414 981
329 847
934 284
351 521
246 644
88 738
462 516
15 115
310 693
631 275
133 132
887 133
707 291
195 599
803 788
649 626
459 986
652 779
763 8
122 880
284 135
990 801
350 128
652 666
464 515
781 506
654 120
752 374
382 561
808 424
97 935
407 56
669 645
416 129
325 863
992 692
867 276
117 477
877 435
923 183
67 825
879 830
933 370
607 367
26 62
157 856
729 501
782 617
158 518
658 971
914 609
628 749
597 694
447 563
837 103
322 980
70 350
940 880
478 691
428 728
40 692
31 65
948 951
609 121
721 615
370 399
580 302
582 340
200 82
345 740
417 311
823 971
699 217
370 369
689 483
104 797
472 737
591 460
388 999
389 330
740 1
551 97
162 212
21 671
81 396
392 369
601 757
907 658
926 242
530 715
307 638
137 186
741 177
122 579
449 273
602 201
215 718
609 775
518 443
302 694
982 20
490 830
643 662
679 204
369 235
62 214
639 728
324 853
588 10
455 509
972 169
556 552
78 796
635 97
530 143
52 895
491 297
255 336
352 913
376 168
687 807
411 232
964 916
278 819
555 857
478 192
726 890
892 598
680 862
790 391
300 631
526 445
734 99
145 358
398 560
93 168
136 639
234 151
126 304
770 226
878 771
844 951
114 698
757 114
233 462
775 947
328 342
770 149
789 439
244 202
262 473
462 90
373 490
763 702
33 999
803 199
876 503
399 656
606 792
737 95
276 333
978 419
304 190
89 844
646 514
993 806
900 790
794 305
614 150
210 200
448 765
290 208
98 885
448 729
93 526
901 609
337 100
559 849
234 484
110 307
310 817
494 82
849 193
861 725
671 280
324 757
767 675
720 306
898 503
116 631
924 932
882 720
507 434
544 639
816 756
543 611
128 188
971 336
358 298
332 398
481 972
797 244
248 524
123 115
513 549
429 693
919 438
583 997
14 480
531 182
74 311
922 633
981 218
274 324
972 435
22 942
89 323
640 893
59 407
900 295
316 62
266 711
230 668
605 480
256 16
439 416
518 781
904 689
265 795
984 383
715 753
329 14
115 541
351 741
192 274
926 40
712 585
175 587
88 419
642 396
699 325
352 104
301 97
999 398
12 148
231 992
803 227
903 324
409 896
174 384
766 510
489 82
716 791
684 309
49 234
617 54
720 609
148 138
821 751
388 665
409 674
103 520
31 319
2 595
42 516
376 538
565 744
893 203
717 413
773 411
