1000 9892
232 57
778 498
63 76
968 988
623 132
836 752
683 51
299 298
307 807
18 334
864 652
942 847
210 641
942 438
159 991
259 729
890 503
886 875
282 909
728 373
14 508
933 234
972 320
658 179
240 910
826 909
83 328
84 247
909 450
363 72
476 361
939 823
942 378
545 732
197 449
373 128
487 440
54 741
773 189
864 295
150 200
153 212
366 682
700 158
924 831
858 770
819 568
676 919
288 944
419 134
42 823
187 162
137 985
46 363
608 916
811 521
439 840
909 616
768 836
807 477
367 26
932 100
135 480
525 600
985 863
106 336
293 824
789 931
693 263
471 441
733 518
972 706
129 952
416 332
787 303
475 683
593 12
646 22
827 189
981 749
692 368
582 836
237 173
221 808
755 272
913 638
78 615
328 170
930 428
844 234
699 745
170 9
759 473
942 875
464 742
526 874
568 156
911 948
569 197
144 274
722 861
725 458
454 848
882 663
866 368
562 969
946 440
378 86
662 580
293 47
235 438
28 268
356 641
710 304
514 583
786 480
571 666
180 301
147 614
866 82
648 385
524 556
463 192
710 323
838 404
415 365
678 301
774 940
830 632
463 113
304 550
503 880
733 275
934 522
296 906
903 601
990 326
141 350
89 597
552 91
813 364
801 944
434 699
770 33
157 633
331 926
668 959
82 24
853 893
984 964
170 311
723 353
841 814
327 975
347 53
276 127
793 147
78 135
579 382
565 703
358 663
72 508
384 936
613 131
461 150
82 430
30 437
307 720
56 848
788 1
671 436
674 120
967 541
830 367
609 300
675 223
122 576
928 499
924 390
590 431
578 335
639 842
765 667
289 312
218 334
312 471
494 499
191 433
730 165
549 559
921 725
648 240
924 5
818 512
964 774
330 870
740 301
759 195
616 339
707 846
929 618
658 104
938 776
649 891
209 956
502 219
748 231
606 221
917 926
845 972
149 516
297 273
175 336
827 322
987 982
605 411
684 782
938 554
562 494
672 658
736 453
296 870
25 296
499 353
84 781
213 751
664 657
81 513
82 218
905 925
28 724
489 228
269 542
914 725
348 57
352 60
318 961
941 657
713 213
127 655
64 543
340 964
604 409
254 774
475 215
112 811
8 770
426 497
245 961
567 705
55 320
531 471
963 76
816 56
391 834
621 971
892 720
233 811
911 296
324 758
831 193
320 673
582 893
384 722
826 348
557 561
872 29
324 916
846 561
904 280
104 310
122 314
215 578
754 176
21 773
717 909
222 501
734 823
284 256
687 441
781 432
730 296
624 795
986 990
109 861
147 704
994 485
992 940
939 556
27 150
65 479
911 165
47 601
796 194
412 731
292 417
738 81
328 405
735 876
278 103
451 593
775 602
596 85
232 832
619 92
106 185
896 657
128 523
770 118
569 508
990 453
466 33
862 643
927 719
2 782
295 407
97 372
760 52
858 577
470 923
586 976
381 52
430 658
941 306
671 217
450 463
676 673
806 880
720 497
155 814
319 243
765 31
287 593
275 377
133 891
264 742
137 376
375 824
859 119
851 667
731 433
569 462
458 567
591 677
826 516
817 680
893 413
876 482
88 695
25 117
749 190
87 443
15 142
623 357
881 78
203 166
847 849
464 650
999 698
30 585
825 391
221 534
78 853
504 534
268 745
17 431
553 269
146 205
739 86
333 825
199 523
728 229
377 505
51 120
18 44
895 808
363 75
329 207
297 361
154 482
176 630
799 534
309 774
888 713
496 840
908 142
782 659
144 99
219 569
843 419
189 181
595 450
23 821
373 304
31 222
692 644
851 89
533 632
198 456
572 978
831 871
780 39
84 692
33 942
766 392
452 48
346 631
951 14
976 698
150 299
485 826
617 696
638 198
819 936
521 802
723 731
289 870
349 634
211 521
837 709
333 38
850 848
7 805
143 643
423 756
727 107
233 739
309 190
845 476
152 196
69 994
929 1
161 511
270 267
476 996
865 574
707 404
657 639
777 444
79 271
946 380
693 427
26 713
902 606
138 763
147 526
274 491
593 719
528 906
800 111
30 206
71 216
273 33
754 474
982 132
984 774
566 821
878 523
347 961
98 457
779 872
924 375
395 611
568 729
989 523
926 888
191 929
931 642
144 48
254 303
511 324
6 714
232 777
763 551
163 509
491 792
590 564
116 443
559 379
945 179
605 201
715 521
183 23
79 166
118 584
466 233
864 444
422 836
205 332
222 698
963 416
230 225
896 359
935 574
681 939
132 825
188 749
871 872
105 89
642 774
651 92
211 549
659 569
589 264
721 912
360 56
158 143
612 629
181 54
646 96
809 40
868 976
704 785
323 349
555 166
332 21
596 954
171 145
264 781
212 963
527 276
910 644
677 647
186 574
320 862
839 375
800 616
591 770
207 761
104 362
469 62
243 464
717 1000
120 354
384 746
322 336
435 115
476 669
402 280
169 35
151 887
83 549
283 39
122 5
416 644
833 81
317 220
52 671
370 922
739 511
967 20
156 717
213 908
913 974
149 628
45 707
675 724
362 345
291 569
878 769
516 268
865 166
150 6
529 143
657 338
503 84
809 431
851 100
120 906
396 273
589 744
683 31
771 871
525 300
125 456
219 783
239 320
960 210
69 63
233 127
505 898
418 27
419 302
167 692
922 411
906 804
580 147
964 114
152 714
75 264
347 559
617 914
102 730
130 213
253 326
453 644
440 285
480 558
284 662
177 578
587 983
592 879
612 354
498 190
752 869
697 228
290 658
152 687
576 482
816 758
161 423
330 598
167 329
725 687
138 593
977 66
568 230
509 153
831 689
877 53
937 352
645 191
170 337
84 511
243 938
382 550
840 964
364 174
368 169
739 394
619 928
326 118
883 855
19 618
539 493
978 577
317 849
377 62
774 885
666 354
683 704
923 369
192 229
232 818
502 454
19 840
684 898
996 956
244 185
547 394
729 563
107 387
201 297
435 696
201 570
116 499
890 308
272 363
366 639
457 801
223 914
595 7
48 194
642 132
965 153
859 650
110 512
99 785
775 904
577 897
617 876
923 701
599 708
451 172
571 111
607 869
132 753
794 642
45 380
836 25
30 208
654 942
570 429
423 117
936 719
560 75
85 672
859 985
848 342
276 167
781 958
215 914
716 725
740 211
247 509
357 365
693 195
915 185
495 56
542 504
584 654
363 625
807 972
95 846
852 715
636 98
319 694
113 291
4 926
625 146
635 186
450 850
363 415
408 942
833 147
282 907
635 43
174 661
935 243
71 247
255 362
290 890
424 440
522 561
616 428
236 69
517 378
9 437
444 26
501 39
909 448
931 536
89 349
74 11
257 633
701 126
577 432
814 327
305 853
733 999
749 658
54 584
827 968
315 156
574 632
983 709
896 719
839 179
805 785
24 570
620 784
89 1000
879 517
148 475
373 416
174 307
652 505
361 488
418 865
384 305
370 614
780 183
818 510
250 780
470 565
20 780
244 290
263 152
51 942
720 923
417 296
147 387
77 254
940 60
418 178
963 114
926 10
786 745
72 354
243 264
815 790
877 697
90 157
863 634
497 181
61 556
69 993
255 970
223 360
80 234
429 833
800 787
225 836
497 407
669 975
964 669
769 921
576 761
665 856
189 170
905 201
834 161
429 763
138 760
879 751
909 146
832 386
649 204
333 843
62 283
869 617
405 736
307 80
203 419
244 573
481 325
64 171
725 42
415 734
643 379
260 969
597 992
57 903
88 208
514 500
973 181
188 59
581 444
14 619
764 514
463 480
725 564
837 211
184 961
115 983
851 75
463 401
102 243
714 497
318 201
224 109
576 498
689 181
304 149
82 947
456 80
955 86
701 582
818 482
381 714
881 798
1 4
366 934
37 846
385 229
663 526
334 128
359 203
858 518
395 268
440 659
721 774
25 831
906 912
11 252
15 668
328 840
457 676
775 246
65 619
980 848
337 556
932 979
545 274
194 160
215 858
521 281
692 342
910 645
17 554
125 585
700 873
493 37
713 985
276 957
939 151
139 346
521 203
9 94
872 178
360 870
180 17
846 586
83 966
924 144
322 318
180 128
218 511
990 881
519 757
152 993
725 492
853 167
982 501
95 164
856 484
442 653
887 313
861 926
628 959
316 633
645 397
840 330
761 282
905 592
856 2
361 612
97 726
507 674
230 881
294 580
278 89
154 475
374 694
775 833
969 502
37 302
476 194
819 340
303 623
144 428
520 599
889 152
139 355
139 35
215 468
795 840
422 790
581 67
89 122
205 367
667 550
708 346
167 695
715 404
585 354
72 395
751 341
77 647
96 273
295 211
741 367
484 152
432 819
52 452
548 449
72 282
769 404
328 868
113 754
310 820
848 363
812 462
523 133
375 854
72 361
114 28
647 284
816 792
216 628
858 175
890 764
138 975
712 424
553 996
327 497
493 9
699 674
777 236
482 378
334 930
268 993
485 613
511 741
439 547
41 297
61 822
908 721
491 377
355 214
601 29
14 487
515 606
532 608
69 354
9 677
195 846
402 396
222 21
919 152
463 789
571 708
735 985
313 904
776 272
444 230
746 483
412 580
438 972
495 533
973 933
444 341
743 339
28 532
451 595
14 547
990 312
22 126
478 682
410 212
845 656
786 303
154 209
905 959
374 956
893 644
812 488
604 345
680 377
609 53
774 551
757 373
68 142
417 402
144 185
202 628
646 749
243 96
828 840
499 3
673 577
357 168
853 819
158 923
380 799
876 756
932 678
382 373
516 805
629 988
303 889
121 749
395 340
987 158
878 457
309 390
445 710
428 276
604 157
751 222
574 637
24 185
782 771
603 479
252 39
125 815
860 422
599 11
926 201
730 982
518 503
891 201
289 59
281 972
886 588
136 128
484 752
836 373
649 70
47 795
655 88
126 800
787 208
847 262
504 536
601 238
106 692
670 980
344 65
143 785
331 333
294 851
635 411
283 494
819 208
109 976
80 730
971 509
359 392
469 440
148 791
120 710
340 459
583 377
207 101
528 364
737 954
558 184
563 866
32 746
743 171
614 371
797 817
690 419
145 990
64 554
196 63
607 715
920 275
576 95
353 524
290 541
660 349
148 169
884 243
8 988
261 502
633 437
500 708
286 91
383 777
223 548
7 807
30 92
713 606
59 572
206 701
544 988
476 59
142 677
788 223
114 36
646 21
582 955
143 5
700 838
238 253
845 589
114 439
854 475
52 65
364 819
403 281
226 844
579 848
639 800
985 393
566 638
811 261
249 390
252 527
911 941
146 156
577 192
961 33
283 93
545 802
514 723
960 359
305 662
929 572
238 680
44 757
329 455
305 743
662 677
27 894
486 817
445 11
490 444
993 811
975 215
766 712
456 371
978 296
542 697
232 666
429 96
840 473
343 766
622 949
679 940
439 139
612 944
84 714
968 381
73 351
590 724
496 850
484 391
376 776
68 198
210 176
896 377
271 611
310 15
457 585
427 865
613 392
379 552
798 607
987 169
695 152
826 89
384 60
422 548
663 638
595 796
924 702
247 622
689 487
618 391
780 954
105 232
124 348
768 978
181 131
597 216
846 143
654 626
685 883
379 374
220 606
295 12
461 356
355 737
618 697
621 518
432 630
380 148
860 622
437 459
510 819
579 46
981 654
181 982
476 970
959 219
63 278
601 923
428 657
894 996
221 954
675 764
151 915
271 362
351 184
354 140
621 185
156 954
880 332
678 19
316 816
625 190
544 19
654 88
420 886
238 725
566 791
255 434
165 902
867 308
562 282
658 777
973 896
174 31
92 380
535 34
719 257
482 620
799 377
235 364
625 548
111 561
865 21
810 894
300 800
968 266
37 527
422 791
701 760
776 689
64 739
67 708
35 34
965 647
336 431
573 574
84 350
608 95
845 862
993 939
775 55
278 629
335 588
99 598
808 222
811 995
594 497
303 783
851 418
549 99
437 13
204 264
521 630
868 871
650 446
446 213
217 691
958 880
190 222
157 15
195 356
454 723
324 749
509 540
132 339
504 131
618 556
285 875
307 975
588 324
520 385
484 733
123 119
786 933
566 439
59 286
647 594
355 72
550 155
660 687
94 295
701 261
4 75
521 103
189 209
998 957
86 347
458 210
152 877
305 589
786 404
576 960
995 790
935 113
896 967
680 830
322 711
36 937
130 434
352 270
338 305
448 785
199 540
724 141
931 813
789 471
147 64
639 125
211 419
709 96
569 821
851 773
98 563
465 348
980 469
858 733
361 387
436 619
699 312
516 663
132 876
81 324
300 42
304 45
146 832
642 861
350 930
619 42
480 114
125 204
57 340
862 819
752 933
422 767
206 678
100 493
525 786
584 466
527 392
751 78
54 490
534 544
169 556
167 9
513 999
206 721
985 658
967 998
949 119
254 765
89 802
578 259
74 544
450 910
165 393
540 715
479 41
192 633
726 250
565 168
215 153
627 611
900 195
403 365
21 806
49 817
194 314
514 861
316 777
777 489
784 571
695 987
307 542
991 416
103 591
983 977
443 743
5 532
58 473
729 194
292 448
118 982
411 498
106 998
303 704
199 627
330 238
131 979
23 193
262 295
80 904
871 18
909 817
213 676
396 324
227 856
447 619
283 986
638 378
710 807
842 359
239 277
352 231
885 259
813 38
444 719
211 300
193 969
413 952
451 253
767 803
680 468
865 722
353 515
508 361
292 634
318 766
394 214
638 935
931 261
327 628
902 749
629 544
134 28
281 632
637 117
224 638
320 893
119 359
212 827
703 583
18 903
472 552
406 333
761 998
665 370
602 254
584 349
512 234
252 443
329 882
950 700
899 698
632 585
299 266
427 337
873 929
175 313
643 673
755 389
905 126
434 446
769 927
259 313
260 6
706 114
502 977
565 317
649 834
443 549
557 937
174 695
514 720
93 445
165 16
937 207
169 85
723 602
543 618
598 302
273 183
457 466
882 451
792 885
425 780
923 29
467 137
678 170
456 662
663 215
900 763
804 415
535 25
296 910
158 532
322 958
754 925
205 615
426 852
852 498
176 883
552 494
951 510
419 217
37 618
149 928
633 133
35 9
110 591
699 510
59 927
903 136
448 662
837 388
380 721
987 315
56 647
334 134
707 936
390 116
194 621
403 183
842 637
112 914
738 698
833 834
742 146
923 788
341 603
972 659
685 882
320 810
391 747
160 899
413 47
713 633
200 388
608 257
312 318
789 820
295 15
389 454
47 670
450 212
53 105
751 902
898 844
886 747
858 283
180 108
95 883
556 775
173 933
264 927
527 390
165 321
166 26
173 822
935 429
327 45
458 300
134 727
61 512
626 289
832 480
887 394
585 744
52 747
1 879
572 482
130 653
9 536
50 500
452 544
550 425
348 753
424 1
740 527
959 220
782 812
145 345
981 48
944 935
762 178
800 475
35 374
148 703
166 640
526 315
481 178
245 393
746 750
822 523
684 552
225 181
337 403
376 71
819 711
804 145
608 882
900 908
500 1000
949 557
989 316
289 363
34 967
799 47
508 290
634 940
176 204
430 689
309 416
920 251
190 509
30 10
233 926
786 668
424 869
976 818
526 746
263 384
162 699
887 881
349 300
115 271
8 755
393 277
323 314
640 488
418 474
441 811
355 877
707 448
233 585
368 736
510 959
846 565
941 799
583 706
489 864
437 704
992 171
266 11
92 878
881 55
221 526
520 475
276 689
856 763
612 214
998 946
285 573
970 487
74 304
176 179
312 645
576 594
613 601
1000 530
895 931
625 187
607 127
563 253
685 227
684 863
254 283
888 689
49 289
106 786
509 439
724 142
391 329
32 704
306 291
557 398
226 1000
54 828
550 913
510 210
148 433
538 121
318 993
318 578
528 191
215 363
586 845
970 748
629 774
23 283
945 986
893 996
880 753
989 433
572 671
224 885
658 61
551 563
367 114
615 424
431 913
233 890
204 301
613 199
232 62
262 804
122 533
319 989
642 809
640 500
768 185
997 346
692 264
195 720
103 971
604 556
769 513
293 323
26 846
264 87
433 832
560 226
682 117
403 364
83 896
523 623
249 488
564 113
455 448
61 969
56 540
502 101
506 104
559 209
759 135
617 954
32 800
507 526
917 865
311 438
478 157
709 527
781 178
378 785
269 926
805 60
663 178
97 895
272 29
148 640
349 1
810 533
595 345
500 147
799 419
838 79
508 678
219 808
182 419
432 815
233 393
642 109
865 92
594 882
408 267
410 345
139 173
453 887
970 689
758 560
507 805
764 693
158 874
722 97
560 780
779 490
581 938
902 68
972 537
483 572
590 173
581 827
603 287
59 461
806 656
632 253
963 119
301 516
287 561
419 713
976 250
519 138
996 245
445 601
229 226
30 493
659 511
163 716
94 563
973 372
595 702
281 778
29 188
178 598
40 651
458 422
845 314
665 940
887 131
530 274
252 666
290 955
665 861
942 991
598 77
397 410
273 916
881 255
844 453
312 718
443 548
99 134
959 532
790 514
900 454
334 958
960 377
563 132
250 137
947 101
400 160
455 714
937 95
441 782
634 243
237 214
879 219
614 672
687 220
193 616
946 102
362 353
19 788
525 84
177 188
31 809
720 994
662 901
165 595
495 956
619 458
980 296
374 587
675 282
343 537
362 3
54 885
372 88
980 415
250 700
141 571
755 665
936 989
432 44
430 555
659 863
767 966
675 717
555 734
703 558
280 657
98 680
183 422
298 732
834 570
337 114
546 358
160 533
358 648
932 591
789 962
901 664
544 907
262 962
724 745
618 276
376 599
431 585
180 335
73 921
929 914
172 987
624 534
48 713
986 165
973 135
646 247
647 330
247 422
68 555
75 369
113 902
105 525
562 837
7 696
982 46
251 16
469 73
911 102
526 843
879 610
270 5
747 151
863 398
901 237
227 104
936 769
85 10
386 689
351 203
905 379
799 807
710 390
412 349
992 743
350 497
101 949
433 507
89 361
672 145
791 944
259 67
688 931
781 250
344 857
587 183
314 561
796 921
874 425
452 711
127 967
109 696
764 690
831 965
207 95
245 392
28 674
802 717
660 690
55 155
97 385
412 136
210 928
968 471
477 342
760 174
163 183
231 843
879 687
718 363
738 637
615 161
629 891
802 798
585 406
141 702
681 907
557 104
23 716
392 678
210 341
61 561
603 726
772 841
869 167
745 105
121 839
159 429
185 226
495 261
228 128
138 232
659 454
440 400
902 222
544 518
981 575
671 407
86 925
397 542
111 314
617 321
781 888
319 777
644 432
657 778
973 316
441 667
192 543
834 962
360 837
645 42
495 91
156 768
981 898
506 482
74 686
386 738
373 882
47 241
912 550
17 78
701 372
439 558
673 553
302 289
235 782
87 865
679 605
95 298
834 390
249 158
876 13
71 301
735 986
841 649
459 599
443 842
207 285
88 139
325 162
92 723
990 172
421 671
466 504
122 374
322 884
490 498
524 983
448 898
720 938
168 257
128 959
861 419
7 393
708 298
709 255
175 176
491 514
756 62
427 794
368 89
486 315
967 308
695 339
175 917
968 149
634 48
341 530
860 306
741 17
464 67
467 996
138 140
746 441
51 741
241 311
350 595
981 723
360 131
582 850
622 223
981 542
542 508
857 462
752 532
808 774
256 241
740 61
961 312
726 248
839 315
252 375
489 835
536 932
132 87
647 944
464 655
908 752
37 826
194 312
36 523
331 241
539 436
5 368
598 145
782 354
655 458
629 422
815 144
356 747
729 87
323 597
201 686
810 496
919 182
634 220
179 803
662 668
75 978
477 986
723 926
905 621
280 624
50 12
32 527
73 245
145 288
53 951
884 651
123 87
227 636
46 32
461 727
614 487
193 685
638 489
876 422
92 469
580 418
712 762
258 274
166 939
763 762
803 18
452 76
146 72
310 348
745 263
825 671
972 538
721 798
479 570
580 215
789 941
974 491
814 592
696 539
90 246
719 605
635 542
229 225
103 776
307 619
808 964
181 78
668 624
322 52
820 811
786 903
806 450
302 669
503 228
30 652
731 257
716 475
700 816
80 381
750 142
532 453
881 109
683 819
186 889
174 586
584 908
861 660
155 107
198 335
460 590
92 629
718 801
576 778
964 738
743 438
869 887
286 845
382 794
202 100
511 242
774 934
701 926
539 47
376 335
984 398
487 242
287 301
401 164
148 677
847 485
23 231
228 566
581 329
158 538
286 623
625 573
535 136
774 704
116 384
742 340
779 730
83 57
103 138
215 460
586 160
370 596
381 971
41 621
427 580
616 983
693 673
876 537
344 698
680 308
846 321
906 698
524 253
675 123
556 735
72 403
181 287
917 139
336 280
523 12
677 991
346 193
312 337
603 668
774 159
831 346
264 724
91 191
147 129
829 869
781 962
660 961
922 992
336 213
906 321
670 254
32 318
808 847
455 212
74 568
825 224
994 761
79 387
939 280
467 619
434 416
447 999
132 47
796 470
339 549
284 226
911 775
81 237
627 970
160 337
28 255
623 638
635 324
448 106
514 549
363 121
934 846
50 69
678 323
856 181
567 601
453 41
331 709
64 472
249 844
128 549
827 869
754 959
786 307
867 612
617 601
201 110
415 242
348 55
955 25
884 993
421 941
646 791
75 824
407 930
658 712
225 405
67 342
109 611
257 402
132 794
4 197
513 193
205 77
703 722
543 421
922 892
841 605
806 729
882 307
593 172
8 614
228 129
321 481
916 472
507 693
315 979
137 471
434 21
643 989
185 451
973 170
355 879
63 422
40 32
817 646
512 212
175 485
190 63
46 831
597 479
666 824
523 581
446 276
599 310
951 809
549 198
38 66
645 186
494 512
5 283
299 626
5 163
378 25
932 965
259 384
960 307
347 143
325 911
52 713
749 585
330 23
520 59
204 572
210 577
755 773
32 885
917 956
865 507
719 448
832 236
886 83
13 115
239 687
973 929
244 791
799 457
183 948
889 207
304 371
527 751
809 398
636 491
352 111
685 355
764 16
153 219
348 27
918 171
921 117
63 544
762 337
805 555
573 607
85 841
133 106
440 736
628 113
561 136
311 3
694 108
660 308
270 168
332 997
781 686
186 990
546 175
269 231
823 697
682 575
977 105
457 845
66 264
266 326
551 787
661 319
635 994
462 578
894 577
952 456
73 801
772 723
554 504
207 926
81 350
2 941
122 898
13 753
470 456
972 10
364 858
97 689
818 627
251 328
109 170
402 202
886 866
448 436
781 462
117 603
972 383
297 177
939 526
504 907
675 804
13 181
783 433
217 10
283 249
689 704
49 609
675 949
748 37
224 393
49 754
784 875
718 740
573 191
277 482
297 508
634 447
103 16
405 129
594 993
222 934
64 256
555 982
934 707
652 16
638 377
16 818
537 496
395 773
231 658
234 242
932 375
573 611
480 286
577 864
889 950
393 697
548 295
362 862
570 475
147 390
433 517
44 6
710 350
985 928
693 415
159 471
368 878
440 363
58 166
635 672
561 773
108 864
937 854
349 790
759 515
595 610
836 280
783 264
803 593
517 995
241 210
811 202
388 809
212 949
358 863
164 816
327 292
312 3
445 825
599 152
566 451
4 1000
115 52
997 461
776 218
87 597
916 613
294 913
155 509
670 460
714 580
200 950
496 93
361 849
655 297
930 760
365 437
939 618
390 882
359 347
161 942
326 32
588 851
93 299
630 181
567 711
696 404
644 860
296 994
10 816
652 327
343 833
728 997
474 805
970 110
653 834
995 561
562 84
598 638
602 885
400 991
685 785
488 204
336 989
245 291
905 874
380 526
783 841
921 188
999 799
353 834
83 169
177 412
604 285
895 270
171 490
112 695
131 639
476 874
733 208
115 105
708 147
922 385
447 85
546 501
548 347
771 700
974 85
390 250
564 721
567 478
626 950
718 94
243 378
472 664
548 569
203 984
681 439
816 881
512 90
181 929
988 599
637 883
372 828
618 564
583 586
431 681
802 303
470 385
720 108
209 489
796 204
658 302
52 33
109 80
904 77
606 981
222 369
522 769
320 489
392 38
998 826
270 11
643 559
735 189
916 633
666 852
83 954
138 665
297 120
578 155
819 159
614 525
805 400
883 976
579 767
217 418
900 331
701 797
499 584
460 706
502 333
947 240
566 922
308 958
511 145
577 371
213 568
46 238
620 183
468 324
469 749
520 973
244 163
221 807
295 650
280 737
304 295
693 787
235 497
201 161
901 806
116 20
998 94
15 936
452 118
935 587
793 86
462 427
879 286
257 401
242 753
885 617
319 375
67 486
379 456
567 397
57 316
137 756
798 227
234 492
915 965
744 273
380 69
751 54
430 860
849 74
547 671
734 799
626 188
610 281
280 490
765 711
488 269
968 567
13 593
989 927
333 603
428 881
929 956
70 534
34 536
872 228
330 675
256 986
959 840
598 24
285 905
648 147
811 321
958 432
136 455
65 39
943 452
445 203
532 621
899 802
991 72
614 957
703 452
887 363
526 71
14 411
259 16
281 215
464 850
799 682
785 72
307 316
53 800
738 104
268 433
641 905
626 456
382 851
692 89
862 473
554 918
749 88
31 850
678 511
165 664
921 346
465 694
657 304
785 507
288 829
738 317
595 412
44 366
707 694
727 683
766 407
239 509
538 68
405 75
228 610
724 879
819 597
443 377
979 795
932 675
974 673
721 816
381 20
462 310
530 982
968 151
113 512
665 409
993 548
8 948
797 364
689 291
67 83
655 626
986 295
955 237
970 278
398 376
589 91
138 797
748 700
86 959
397 512
218 239
261 81
212 513
711 473
233 554
108 690
125 524
635 195
483 46
915 413
467 546
433 726
584 914
749 72
986 778
868 298
506 214
90 867
725 16
943 73
503 582
514 635
382 621
308 592
277 527
406 493
231 376
507 752
386 921
376 309
957 109
418 550
59 312
960 173
615 807
727 873
709 302
641 518
236 752
831 799
83 31
432 293
654 592
567 817
131 757
334 396
300 228
638 382
768 574
469 903
71 855
885 271
978 99
375 721
747 290
286 162
515 424
534 388
978 242
7 124
854 929
233 57
732 5
589 396
362 750
950 487
386 578
258 933
264 570
409 567
677 906
896 47
129 944
955 524
298 793
461 379
501 830
686 652
229 239
391 528
878 244
660 47
315 794
959 93
194 201
892 16
855 156
19 14
77 828
540 692
762 516
764 90
877 981
789 623
259 684
422 72
562 815
483 74
431 490
949 47
113 249
702 19
226 824
578 5
562 958
105 877
778 978
191 635
71 209
5 739
248 574
563 137
87 811
951 566
973 774
616 541
355 499
675 592
640 829
607 193
889 420
339 71
59 324
633 943
887 998
13 267
988 351
689 793
870 799
176 887
547 328
36 117
520 560
927 46
232 558
452 851
966 669
770 424
738 596
923 714
708 364
193 937
750 931
471 134
788 324
275 619
2 753
361 337
759 851
883 529
686 351
764 587
362 691
769 17
275 728
93 545
684 388
928 702
936 285
379 412
142 616
801 217
794 631
177 607
259 861
918 668
261 247
778 35
142 650
972 877
411 679
195 284
603 139
661 487
632 617
209 488
797 231
946 739
30 750
381 698
702 188
616 189
30 633
108 265
237 427
834 159
981 92
284 252
426 709
75 33
757 517
830 851
43 527
118 193
458 274
156 806
688 522
251 480
880 464
277 726
667 466
559 224
227 331
288 453
129 479
816 282
65 277
726 738
283 197
754 731
795 423
193 585
182 511
753 529
735 641
705 470
671 681
875 2
412 796
988 291
241 994
700 239
407 539
301 116
429 447
415 252
718 511
6 971
949 553
876 639
866 358
705 160
594 200
680 564
888 85
419 499
280 47
689 125
931 368
492 874
517 759
699 252
704 598
372 460
294 387
443 424
977 3
815 871
690 936
251 866
693 327
916 474
976 197
85 503
259 902
430 520
972 913
318 103
601 585
764 19
412 248
86 3
143 120
534 891
441 664
316 540
941 795
85 201
354 314
959 843
341 32
291 727
689 112
706 438
653 669
164 281
486 558
666 984
540 49
463 866
542 887
50 261
855 648
36 752
122 403
506 58
878 970
633 773
943 138
502 430
107 90
14 698
805 149
199 650
422 668
24 950
352 259
260 542
600 233
841 193
638 496
250 529
362 55
990 461
774 654
403 993
27 603
380 567
143 601
804 177
932 462
440 900
883 408
38 555
225 326
101 507
764 685
871 203
585 38
16 871
737 227
976 613
684 302
637 266
374 848
582 405
699 171
758 714
962 571
72 738
712 14
766 193
604 228
146 972
496 365
180 659
398 548
897 317
702 568
527 967
480 961
246 916
172 783
346 54
128 365
422 323
474 871
137 497
526 629
341 881
693 204
697 9
453 899
276 908
759 351
171 222
185 334
204 158
227 199
673 481
949 276
878 426
916 579
97 695
582 790
763 102
356 432
450 685
568 120
269 777
274 511
906 826
900 95
227 421
857 30
948 323
471 822
40 832
358 893
78 972
804 642
201 851
919 179
390 807
830 364
395 639
732 700
662 659
404 647
562 479
951 755
447 944
283 691
568 547
145 694
757 49
409 97
983 691
126 192
55 220
921 166
44 339
617 535
745 490
996 860
288 969
103 321
414 500
966 705
811 512
124 711
756 396
557 173
506 899
843 861
161 149
91 84
366 94
744 887
513 809
588 427
128 329
119 275
530 620
414 963
826 387
384 658
815 637
252 295
34 750
476 915
440 169
556 687
636 157
798 756
752 386
814 459
356 596
456 374
349 376
810 177
408 913
672 978
14 417
662 605
188 954
520 102
297 147
836 639
17 28
566 580
199 812
897 740
240 931
299 858
781 210
396 176
235 88
622 532
518 819
746 612
374 685
377 255
486 811
235 233
823 488
607 337
184 857
904 626
62 862
196 724
405 416
702 755
444 394
603 947
741 513
691 414
942 232
211 350
803 162
487 693
110 592
42 784
845 915
261 562
193 936
806 982
275 618
127 391
944 75
121 574
660 383
937 918
423 499
299 161
380 972
306 668
778 81
564 578
600 827
920 898
555 559
579 391
941 532
1000 208
218 53
533 314
683 908
82 996
657 706
985 417
414 575
143 103
825 116
80 205
330 941
372 941
748 532
804 774
492 346
773 13
928 234
857 180
621 435
342 828
716 73
442 946
875 574
998 907
394 877
784 632
857 86
929 609
490 617
435 232
143 731
862 193
973 856
318 641
585 636
13 251
586 271
325 825
813 532
151 109
710 164
69 292
967 271
610 8
258 149
630 79
500 160
529 246
801 777
808 59
22 85
124 16
361 655
16 94
92 489
185 697
148 555
165 627
79 29
172 337
245 261
248 23
35 91
719 45
900 905
558 101
29 617
340 606
380 643
451 768
755 889
22 294
940 989
466 852
528 231
654 811
867 980
997 877
121 730
988 864
293 790
702 690
82 279
693 469
881 541
717 495
993 655
760 878
542 234
302 911
380 71
533 493
38 901
756 666
25 574
890 849
162 939
364 595
146 282
39 37
557 552
405 715
233 588
87 313
950 633
151 604
872 149
916 167
714 696
240 303
231 24
386 766
425 28
284 193
527 135
895 985
770 664
787 810
769 843
627 939
39 617
160 334
514 661
397 47
435 196
734 177
37 24
166 372
995 796
463 786
835 871
511 38
317 873
427 737
670 951
662 871
221 461
793 756
939 850
266 604
527 635
785 360
14 554
774 463
165 535
10 582
802 604
641 730
309 636
880 520
666 191
279 608
503 9
811 551
315 308
247 340
872 535
637 265
233 67
382 380
57 350
910 348
918 635
480 595
490 107
940 374
158 207
643 941
535 881
167 7
425 444
907 724
413 387
821 6
76 195
294 142
336 144
372 886
708 904
268 813
693 124
497 483
226 675
722 732
144 645
506 403
821 213
754 205
882 790
773 69
920 519
740 392
354 223
687 643
708 686
692 43
358 430
625 120
94 261
888 790
1 825
94 148
792 752
247 222
277 29
890 223
28 290
810 508
568 710
528 795
495 705
253 527
19 767
98 284
596 3
779 549
486 927
966 731
519 543
277 336
695 59
121 342
322 967
953 651
149 918
64 690
413 513
470 722
876 561
953 756
403 725
831 767
873 333
727 574
763 993
547 140
489 52
822 278
626 687
254 244
805 716
261 622
932 705
874 804
538 888
8 963
153 286
500 707
46 595
837 716
824 613
162 84
589 283
57 378
918 519
926 114
198 997
570 56
786 624
159 758
648 529
845 891
393 122
58 31
548 340
91 885
513 714
271 238
424 751
977 901
687 566
262 551
247 255
928 207
469 290
563 493
786 52
435 30
481 345
806 51
455 419
260 147
532 551
567 402
991 386
740 642
905 467
984 116
782 939
274 642
347 984
331 511
60 151
297 291
944 802
887 706
156 738
395 922
454 507
274 533
743 259
415 484
453 49
71 390
643 1
75 579
991 561
951 531
44 752
732 854
953 679
681 752
583 242
261 672
334 494
983 967
430 957
287 988
404 216
150 460
101 306
728 548
787 537
850 792
8 784
634 914
747 401
430 671
495 690
974 88
406 65
572 563
257 601
940 175
29 968
466 546
555 256
775 383
501 784
671 446
432 621
218 50
367 111
276 982
707 490
375 104
143 102
471 693
402 988
534 861
665 725
246 767
821 239
364 782
990 750
373 744
134 574
947 825
887 594
439 395
734 723
159 760
80 492
731 777
764 350
360 524
805 268
698 362
492 121
790 688
66 930
62 694
199 898
827 701
147 543
900 423
721 187
12 95
628 903
430 186
407 966
746 566
235 71
130 425
923 364
891 528
288 677
812 755
109 649
572 77
844 938
684 919
153 233
373 334
287 146
148 564
166 789
880 198
33 233
766 382
489 210
185 553
955 29
538 111
831 678
210 44
84 757
694 378
415 143
210 191
998 44
396 616
381 38
561 277
480 729
871 903
675 232
687 317
254 927
681 799
107 875
807 364
189 693
928 587
231 943
401 589
55 782
219 905
564 227
565 955
603 120
15 414
661 392
419 789
5 212
247 385
967 904
180 78
687 391
203 807
475 538
61 733
635 824
164 730
535 949
536 845
78 724
412 408
805 351
346 660
437 635
207 597
706 436
393 509
527 134
144 949
587 411
550 237
433 669
630 287
667 259
212 428
435 199
576 967
344 139
821 647
559 119
672 345
452 657
408 535
853 647
451 603
187 437
245 375
852 449
503 931
162 653
549 367
832 829
779 742
762 434
876 462
325 336
823 241
550 907
367 309
3 468
187 147
840 186
29 588
563 556
732 141
551 715
954 243
556 355
738 538
409 830
708 422
799 9
654 772
470 913
898 458
2 695
387 816
557 71
159 369
949 813
767 618
881 943
531 581
289 946
113 662
1000 154
564 571
432 934
34 955
829 937
959 58
583 638
218 638
552 774
807 118
794 847
337 744
323 429
296 236
574 982
223 140
502 861
178 575
655 51
492 163
972 149
666 792
29 500
111 564
373 849
325 990
52 826
359 307
888 902
28 291
247 937
801 613
252 961
516 24
448 28
196 988
641 889
35 470
588 698
516 175
420 4
495 704
518 853
981 770
304 565
857 687
895 163
382 882
685 417
633 912
61 391
279 304
943 793
736 391
898 106
207 18
45 915
616 849
157 761
712 656
857 585
586 137
185 752
457 891
519 687
280 732
747 150
366 544
348 251
349 686
903 157
140 719
162 371
208 477
206 120
262 190
627 234
348 281
94 809
478 908
129 955
83 287
54 175
203 675
628 192
100 313
262 984
587 824
413 68
877 543
113 690
697 275
57 3
427 168
800 590
251 812
281 736
273 578
661 351
241 214
260 344
835 196
622 252
169 898
665 517
194 119
507 228
750 32
458 416
384 515
406 576
356 455
375 421
697 261
860 855
675 557
592 221
41 361
905 240
265 657
568 603
211 67
369 805
79 598
226 934
481 789
585 757
303 30
715 118
588 550
792 717
624 940
58 974
347 987
848 548
841 445
236 305
926 158
889 425
282 57
156 530
93 201
205 911
921 358
117 195
634 479
672 752
78 575
594 961
279 453
659 903
861 117
628 352
205 753
617 753
818 264
33 576
822 320
958 144
922 180
220 18
42 798
349 690
656 893
135 785
414 470
248 225
983 615
918 966
266 169
162 6
807 506
366 652
665 421
82 305
690 560
823 844
682 608
510 601
673 867
968 801
27 424
572 996
691 835
289 235
513 651
682 898
384 705
355 886
360 192
970 885
787 453
612 86
462 809
178 628
70 558
36 580
933 996
436 140
386 617
449 15
968 765
825 340
709 993
959 929
907 842
360 525
53 566
165 172
496 125
422 139
924 399
112 45
222 38
593 946
353 309
288 118
819 16
14 306
550 416
597 907
377 40
322 763
252 888
244 388
991 647
196 474
444 330
338 325
67 769
234 149
583 313
931 680
288 678
164 89
476 219
6 684
743 590
357 584
840 622
642 444
71 762
239 628
277 151
282 319
601 748
93 975
314 908
614 307
585 15
107 703
515 340
597 215
385 175
101 341
980 552
90 523
814 854
346 396
823 946
127 513
789 14
500 661
285 319
380 867
141 827
982 290
276 38
730 729
108 789
200 344
404 322
777 936
850 782
263 505
160 934
975 282
458 695
208 993
246 681
191 248
899 763
857 357
235 585
634 965
424 680
389 854
434 321
588 34
293 394
22 600
813 193
481 698
209 747
34 351
56 290
401 784
890 185
231 451
145 28
473 959
468 56
994 107
356 844
69 373
669 610
865 510
938 610
852 236
746 555
710 134
610 42
149 670
150 73
210 860
709 310
302 116
505 360
126 344
862 364
809 352
397 159
541 809
230 490
819 699
586 146
606 849
440 792
29 715
40 306
442 234
280 705
867 647
482 763
407 943
344 144
272 357
935 922
202 746
132 965
794 502
559 682
564 960
176 897
620 964
603 386
707 984
534 367
940 82
104 818
410 657
929 423
603 264
489 376
58 143
521 749
216 827
858 374
785 980
493 305
646 919
374 380
290 298
46 791
413 16
986 466
824 425
56 787
557 505
595 570
299 393
963 958
583 633
379 167
223 408
302 651
820 204
307 819
199 257
592 99
132 206
189 299
877 126
521 58
960 815
925 826
436 491
772 397
518 665
61 962
50 341
412 364
89 393
990 961
260 840
722 911
562 162
231 487
400 187
878 634
2 387
131 61
369 538
978 904
927 529
45 884
139 742
305 754
822 825
269 919
115 679
351 559
979 270
525 166
629 466
991 735
853 666
610 409
699 268
257 785
577 680
214 779
966 282
953 649
609 255
771 792
535 211
742 317
980 386
283 978
547 289
141 528
54 787
186 139
944 467
975 126
858 697
902 348
975 318
443 409
674 279
554 727
414 10
414 317
428 354
780 911
807 422
510 546
257 334
967 668
237 895
497 210
24 158
410 919
307 625
863 620
539 810
7 572
358 848
52 219
157 641
687 579
688 483
651 745
393 201
985 359
769 614
521 197
501 461
427 486
998 787
455 12
331 2
557 784
155 496
528 886
946 477
139 209
412 449
934 122
557 929
100 604
51 48
164 497
738 420
969 130
229 634
235 972
153 490
723 979
745 911
173 398
107 150
991 239
363 32
326 180
375 709
274 531
629 261
277 400
919 65
903 572
611 725
66 657
984 404
403 555
793 690
832 88
351 656
796 547
841 158
342 876
116 398
451 419
681 758
41 599
206 187
957 577
858 746
557 49
50 622
345 838
896 370
208 640
133 629
371 22
499 205
407 160
270 694
17 459
989 498
183 447
461 57
232 508
154 675
746 217
180 679
396 932
238 469
129 871
60 973
405 978
120 500
323 185
328 705
972 794
868 987
806 784
929 73
694 843
806 110
665 631
557 449
190 186
393 148
378 442
964 453
949 439
546 664
848 944
872 188
341 167
402 109
298 401
7 710
317 147
605 811
847 786
521 114
782 107
363 337
570 641
703 431
607 3
162 74
260 768
559 236
905 461
65 376
176 184
456 555
572 361
75 771
886 73
46 128
571 547
502 497
343 951
413 18
509 184
383 342
316 269
541 836
277 150
205 3
381 268
714 283
457 818
922 204
245 691
283 922
792 55
35 559
254 163
296 60
542 956
230 184
379 606
578 536
438 568
573 678
119 440
859 857
265 153
370 134
315 523
172 144
176 339
345 636
492 757
935 309
938 491
191 5
671 271
329 976
94 720
114 18
320 701
392 282
266 319
161 451
161 481
335 399
194 13
178 646
519 955
713 574
888 896
901 40
364 876
56 453
518 291
605 783
17 302
327 9
442 853
169 251
191 771
105 809
632 458
291 680
810 372
649 818
651 880
821 532
459 265
385 686
724 321
174 870
161 873
970 116
853 276
678 353
465 536
301 434
322 847
970 931
827 790
336 779
162 651
434 740
201 247
926 986
760 354
851 13
609 67
774 541
633 325
858 674
31 12
237 743
244 465
427 787
103 430
680 385
183 374
385 315
354 948
63 780
638 944
642 965
20 81
479 604
368 983
459 480
722 294
800 548
29 910
858 230
930 187
975 921
265 8
213 322
234 751
623 139
147 44
440 34
648 854
242 293
868 241
556 671
797 171
284 2
801 168
584 520
913 438
513 540
626 447
934 460
403 372
795 950
522 706
543 872
434 354
769 827
22 613
940 26
353 402
207 555
136 488
507 937
571 796
679 489
458 255
95 230
8 162
815 153
984 155
531 334
456 532
79 658
377 118
217 413
311 319
60 125
23 107
92 654
999 683
865 138
349 25
406 192
889 124
447 956
124 799
515 96
629 66
776 532
652 191
637 599
719 113
331 784
499 466
465 294
176 991
818 354
582 203
984 582
417 475
440 646
58 479
665 173
439 814
903 159
193 960
267 121
789 212
538 980
759 842
419 500
888 145
301 858
33 644
232 356
569 683
632 261
673 837
176 283
909 272
660 69
972 759
379 525
521 409
774 69
760 681
157 93
285 8
983 465
369 415
683 904
902 153
171 161
980 635
633 45
530 616
547 602
289 190
401 420
863 764
555 199
960 949
706 169
725 763
601 901
857 307
273 866
646 859
57 827
481 519
47 848
844 110
133 263
248 869
959 911
708 653
144 608
17 502
400 506
240 249
408 917
958 333
783 354
734 276
701 181
610 207
209 835
726 872
553 486
37 221
165 1000
437 851
296 89
4 340
799 617
329 151
420 58
585 934
838 16
897 610
150 118
596 34
852 404
984 260
70 313
663 460
244 196
365 564
434 684
845 590
187 700
918 250
854 649
8 127
942 236
729 737
913 538
110 596
992 125
24 319
757 307
483 805
620 525
58 98
560 800
427 859
410 679
512 643
383 838
846 106
647 15
393 808
638 968
198 949
181 137
493 359
703 820
190 345
629 723
543 351
67 46
251 861
149 476
820 871
34 812
654 534
699 546
367 912
794 786
987 264
33 236
803 960
368 765
220 886
702 214
761 890
657 490
823 484
711 412
696 907
825 233
296 505
593 261
924 235
549 722
143 257
899 959
169 158
298 314
887 492
485 808
899 972
536 530
442 424
464 989
999 583
981 200
730 456
59 323
752 128
625 150
517 963
904 933
49 594
140 367
782 906
487 128
35 515
507 718
330 77
745 874
286 656
748 107
179 864
911 595
255 53
404 699
117 52
45 823
231 12
197 396
145 737
97 40
672 542
927 318
371 294
106 217
141 454
783 939
275 940
439 225
421 854
167 128
903 342
409 950
943 561
196 490
475 181
665 101
79 319
798 459
374 841
334 82
253 120
562 56
64 843
314 236
333 128
98 775
524 367
263 213
11 132
86 600
380 893
661 66
901 595
59 656
371 866
465 153
284 635
780 592
863 897
989 582
777 942
815 866
686 606
217 697
859 102
32 418
989 759
276 774
47 581
697 240
56 232
755 294
811 8
66 449
449 463
503 52
677 687
125 610
455 177
458 407
223 149
852 699
239 471
691 639
215 593
860 874
485 763
126 819
786 232
976 683
147 862
711 647
167 419
243 777
192 821
433 573
549 839
458 216
866 600
523 856
66 901
20 675
539 206
799 656
288 486
528 748
112 297
663 611
944 636
729 398
253 984
53 972
205 597
31 233
287 115
608 696
638 241
75 669
44 356
745 497
374 907
380 588
415 223
291 453
58 312
908 332
509 1
935 613
8 860
25 162
686 297
927 193
984 905
698 251
590 901
249 333
556 237
479 718
647 761
928 652
200 231
272 660
147 480
989 569
516 959
298 482
483 408
724 698
216 829
171 55
273 603
254 664
575 134
726 278
164 795
73 810
449 427
657 654
309 380
795 536
613 817
32 492
506 415
786 189
513 531
825 289
576 745
167 502
49 815
531 115
970 433
825 402
238 953
814 385
118 147
763 234
325 987
531 224
680 742
311 536
238 552
739 69
494 843
62 506
749 356
786 494
814 480
249 688
426 716
427 996
434 980
444 157
751 144
945 416
552 570
179 856
308 892
45 626
447 959
31 828
568 272
534 205
992 884
956 151
596 126
351 799
88 397
608 836
226 243
774 623
921 169
225 244
585 116
469 897
58 476
477 406
353 680
63 589
764 718
474 652
592 689
595 156
358 266
641 452
552 681
112 864
10 189
376 981
231 617
658 50
823 869
428 499
829 857
77 980
258 814
595 619
765 423
65 933
172 639
302 826
17 570
327 285
661 461
294 174
208 939
221 939
114 317
96 784
708 639
622 989
46 242
991 232
441 580
227 119
283 185
449 209
948 189
472 110
571 970
933 815
499 855
853 120
204 723
450 573
52 793
661 897
593 587
943 107
891 810
931 595
574 269
373 84
728 125
359 417
843 284
847 380
559 40
338 348
230 342
784 846
322 10
473 663
295 782
312 103
552 73
791 250
192 424
926 519
803 216
839 526
111 663
202 721
25 646
741 524
991 876
24 256
997 739
672 832
361 65
552 758
704 465
470 988
976 945
800 801
677 967
290 417
399 321
536 441
954 904
259 818
25 948
64 862
416 503
749 920
224 532
354 607
355 746
462 530
1000 213
357 344
964 432
582 771
74 846
163 659
384 708
350 531
78 546
869 509
66 506
506 757
364 763
312 920
994 542
665 998
316 630
962 32
602 75
288 31
678 812
616 73
924 228
962 83
639 713
311 674
519 759
294 948
42 149
853 171
265 690
715 134
218 626
990 780
347 794
166 242
351 818
668 16
909 346
947 987
540 609
809 990
916 870
630 166
244 613
407 109
397 151
865 471
641 934
19 714
296 852
5 884
482 422
876 343
490 22
112 492
570 358
483 931
62 974
430 882
859 524
699 423
457 816
576 298
286 365
750 982
197 830
328 35
789 154
607 743
906 838
10 275
208 491
980 555
487 549
589 509
578 846
885 626
228 939
689 431
211 607
582 562
806 838
437 225
241 544
3 811
25 999
7 211
656 719
715 781
646 942
849 50
668 658
467 979
765 510
532 65
502 683
15 410
346 975
552 814
882 13
848 389
77 877
760 593
545 443
512 172
745 194
753 312
75 276
282 742
854 30
303 268
341 185
89 144
604 753
933 901
471 970
865 823
385 955
139 896
925 289
564 103
398 163
401 141
477 698
313 585
269 142
550 225
934 128
866 202
151 174
835 733
786 395
901 597
746 211
726 657
175 149
639 336
58 901
130 278
792 951
444 250
373 12
211 225
324 269
199 640
991 740
975 227
170 902
743 327
818 26
451 607
567 949
872 975
364 464
681 274
663 390
991 629
464 163
279 409
541 806
466 384
619 74
94 5
989 116
197 129
340 96
280 235
37 229
663 356
218 256
25 48
888 8
569 947
290 148
510 299
132 855
774 418
615 252
927 192
894 397
357 804
208 388
387 855
176 226
953 302
525 144
42 759
573 825
501 946
689 292
160 598
358 585
533 448
642 626
592 681
176 448
570 144
165 36
954 819
114 52
575 129
261 201
229 837
87 363
270 313
180 46
53 216
806 302
94 492
994 710
388 83
803 872
643 735
518 269
96 996
243 887
264 208
892 344
967 142
849 779
153 760
333 858
209 724
528 924
585 733
322 493
14 463
257 682
166 314
424 421
44 886
65 437
448 59
729 94
252 989
1 685
904 97
463 253
283 363
691 22
620 464
748 29
330 130
773 516
559 23
671 585
856 198
157 245
844 927
22 167
499 694
961 925
527 602
37 490
506 737
331 645
693 803
451 456
514 182
685 573
997 637
641 313
663 648
408 132
209 403
90 554
822 491
897 960
456 176
964 40
407 405
794 747
711 886
712 80
31 256
833 748
225 695
119 459
279 982
142 518
54 338
534 616
315 930
726 448
659 265
860 414
593 125
367 894
532 232
492 477
95 768
42 412
320 534
191 317
104 237
32 410
765 648
181 887
682 204
220 771
8 403
541 23
119 15
708 514
123 456
568 171
687 674
503 285
621 90
658 484
127 401
753 34
652 45
493 743
518 632
960 708
463 947
736 891
787 873
477 787
917 404
122 98
179 153
1 649
164 323
203 303
331 498
204 636
814 509
732 670
252 848
952 518
574 413
64 70
562 509
126 260
97 2
118 696
415 981
700 194
166 738
975 72
617 612
335 169
233 339
201 141
174 344
995 32
491 564
41 741
615 183
103 355
523 713
898 287
793 243
43 438
910 858
560 782
702 664
206 971
742 137
821 310
751 181
366 141
350 758
828 930
456 84
945 762
910 628
512 419
180 337
593 200
519 224
483 288
983 503
604 968
612 451
966 465
833 490
726 782
124 165
821 121
565 87
935 193
705 720
961 334
781 731
123 103
51 450
895 717
894 784
769 583
57 853
835 450
964 885
325 513
805 311
40 911
682 450
139 837
415 528
972 447
97 979
739 412
745 991
688 974
766 935
982 736
434 10
491 71
754 579
59 411
459 677
792 773
979 346
525 154
157 284
757 209
723 865
562 481
726 596
70 136
64 774
454 363
679 870
652 242
429 39
819 675
359 170
917 754
478 691
137 800
675 288
159 409
162 175
140 828
804 235
572 799
132 892
900 774
270 742
594 82
654 988
627 166
464 194
267 865
876 939
56 908
533 390
39 253
357 490
750 275
105 335
24 217
746 474
51 512
308 145
385 664
43 932
688 479
925 30
764 42
639 910
621 367
413 298
678 766
25 555
99 413
407 460
335 408
990 150
659 31
550 980
716 20
96 985
207 675
171 826
105 669
566 562
843 923
221 515
57 994
131 934
886 799
407 146
468 940
820 441
61 43
99 200
451 915
820 296
476 486
937 12
260 999
639 339
687 185
662 654
240 993
943 147
272 44
83 410
232 800
455 942
585 892
148 614
735 738
667 834
631 525
977 796
300 248
46 492
675 476
282 480
573 485
760 212
188 581
484 508
11 964
141 633
314 31
372 37
922 350
45 221
836 248
894 434
253 26
146 948
975 727
923 824
48 478
180 747
287 689
290 119
661 100
774 205
744 486
234 456
676 551
290 486
608 341
789 768
526 935
928 620
513 966
772 565
556 924
423 151
523 301
617 154
393 64
355 17
569 479
702 285
906 270
484 790
748 715
105 607
803 922
240 498
366 564
928 185
721 567
731 684
414 648
230 876
856 651
640 668
701 317
169 212
389 967
504 549
361 892
711 132
967 30
550 2
678 87
890 217
433 424
506 238
531 339
843 229
421 327
30 609
943 198
979 942
349 676
500 375
340 472
412 957
511 836
244 892
939 948
323 615
430 201
36 64
789 398
866 787
326 301
886 342
373 257
69 24
200 913
291 18
457 894
650 599
137 888
28 787
158 710
694 436
866 366
111 738
779 310
791 438
392 778
8 858
174 428
413 908
423 553
335 923
837 293
654 997
803 493
660 354
953 472
240 721
93 725
702 765
295 313
975 683
284 526
391 874
964 184
33 266
965 385
769 446
897 225
884 375
906 792
194 831
142 519
471 329
733 534
152 471
40 853
32 300
587 538
699 339
221 824
997 355
946 759
857 304
731 283
952 92
19 135
493 964
848 221
904 223
557 763
762 639
654 979
837 404
949 369
205 438
8 99
616 216
781 408
639 676
52 884
515 628
139 624
471 866
574 209
523 789
654 73
490 701
786 65
291 613
627 873
577 76
260 808
744 715
411 140
550 441
572 321
147 630
795 34
800 348
437 878
364 379
59 495
900 751
903 568
596 190
46 219
838 23
840 806
770 239
516 287
681 55
131 827
6 709
316 357
64 502
178 322
841 130
475 396
991 588
23 878
816 448
128 962
805 904
480 469
832 890
742 477
597 566
304 131
582 298
829 796
127 667
223 984
941 73
840 164
146 877
257 396
274 573
567 416
733 856
936 742
721 880
703 672
816 12
637 444
251 737
158 111
659 582
683 316
745 11
711 746
648 676
461 279
281 721
640 24
489 598
662 850
830 287
941 926
268 796
843 656
402 982
942 804
1000 501
780 742
867 698
52 42
735 279
900 248
593 378
543 924
431 406
878 357
476 765
312 774
170 364
243 814
890 319
342 934
312 757
26 431
725 111
728 317
946 332
654 37
644 27
95 315
597 37
710 268
306 126
571 694
917 942
763 498
224 327
58 606
184 653
98 367
886 508
541 687
525 234
291 147
714 37
453 31
753 521
455 961
426 941
279 375
762 297
914 690
865 32
837 74
595 120
468 704
432 736
175 676
59 951
218 177
229 363
926 259
51 393
685 936
10 224
600 704
942 123
115 509
405 897
727 194
855 393
640 198
436 809
94 837
132 546
850 779
882 901
12 692
552 897
591 544
878 180
479 171
835 131
674 799
379 15
570 988
77 764
887 175
119 65
801 128
895 736
455 77
631 170
320 462
433 673
415 977
786 231
679 368
188 333
375 447
657 850
736 949
53 533
881 188
420 776
113 266
169 8
388 302
562 721
504 653
387 110
705 255
923 32
528 592
912 319
335 477
944 293
783 581
127 31
942 478
102 331
943 771
212 255
710 10
932 16
79 73
944 718
413 645
728 708
822 658
399 711
715 974
112 665
441 437
918 161
334 40
816 359
968 418
860 112
642 191
354 961
336 700
667 528
148 454
985 801
803 496
684 437
244 332
543 498
180 756
141 858
516 954
223 566
224 752
889 642
678 62
566 32
254 524
8 524
371 752
962 469
104 981
410 956
983 457
312 130
539 837
744 133
63 127
781 768
964 394
843 715
471 650
972 941
811 105
371 526
221 836
665 988
904 292
890 405
686 970
587 351
34 565
952 48
751 672
2 461
611 341
811 279
596 743
535 725
100 982
572 577
86 257
143 378
290 794
859 791
60 315
227 429
943 483
947 996
360 586
514 705
729 89
697 717
184 504
331 379
282 781
959 629
433 431
658 160
936 258
558 633
151 61
265 946
191 812
875 279
171 447
93 450
102 484
213 597
932 165
951 715
74 141
370 804
315 173
830 732
266 635
729 495
748 317
567 923
969 440
331 647
595 466
887 906
948 830
700 175
570 11
67 762
236 911
689 11
806 930
642 131
55 506
202 922
4 511
159 328
346 321
73 655
935 667
613 269
280 111
816 97
245 905
376 984
452 341
457 697
524 385
96 326
893 254
481 17
716 665
509 757
220 584
292 21
868 812
677 770
454 645
932 829
391 388
39 21
618 710
88 581
910 696
983 322
155 681
519 941
237 45
635 230
674 950
87 623
547 739
639 679
918 511
274 475
722 989
925 664
692 133
587 89
255 319
813 919
305 640
732 745
179 155
606 214
808 297
865 456
517 335
494 800
199 395
544 227
895 252
291 834
364 372
516 137
28 547
729 346
41 952
118 702
746 767
468 563
699 303
889 141
357 943
700 179
918 254
996 714
409 990
949 732
948 897
499 290
954 194
573 556
611 713
281 148
177 861
357 129
234 220
751 465
711 967
35 464
292 643
223 761
849 186
479 515
685 980
688 120
837 796
564 731
120 978
162 115
181 149
864 793
171 483
907 311
147 138
221 859
464 6
415 869
357 325
750 484
887 833
988 553
414 834
333 732
686 800
910 660
587 569
324 929
582 241
915 254
240 428
419 975
4 807
264 908
816 585
832 338
765 682
87 386
327 257
918 242
945 29
298 151
317 409
781 554
999 422
217 29
787 169
200 845
421 171
958 386
605 637
179 473
143 690
542 324
593 539
175 13
575 466
416 660
221 735
611 75
278 270
687 934
134 994
283 420
90 271
101 778
746 561
13 68
497 515
314 709
852 69
602 940
839 795
36 10
273 424
83 605
888 273
919 841
736 325
827 894
607 727
945 281
490 164
185 562
901 812
831 687
577 516
267 52
828 755
386 410
371 72
926 256
528 223
486 267
713 341
586 941
128 205
279 242
673 551
301 926
693 428
236 894
441 235
594 483
355 557
392 545
67 97
806 724
999 562
722 319
43 498
360 4
492 513
825 484
204 397
242 88
495 382
134 352
628 117
983 405
630 682
650 130
12 923
967 897
159 836
843 703
223 145
796 367
620 660
7 656
289 491
164 705
865 820
976 363
351 125
958 47
652 878
211 623
143 353
239 948
477 695
244 678
670 626
877 182
770 656
598 729
817 261
710 478
195 831
14 353
919 166
558 610
942 765
193 258
231 334
100 730
199 748
165 940
791 1000
117 99
853 287
960 444
386 58
558 828
795 410
466 492
636 752
272 189
666 485
174 874
978 339
821 425
675 369
54 670
291 120
865 67
961 720
546 766
976 719
439 193
471 406
546 593
112 745
423 333
617 860
779 509
637 257
158 906
380 814
805 673
974 104
25 855
44 21
797 753
120 339
673 963
466 963
289 986
987 239
759 899
651 916
266 506
679 339
272 807
717 395
973 97
629 719
958 911
100 403
816 932
910 562
588 440
12 682
523 303
639 991
432 556
219 340
646 84
260 498
774 25
236 374
506 296
267 762
587 705
373 568
134 622
143 468
347 697
222 311
367 682
393 50
374 146
768 920
420 990
493 768
37 270
412 362
236 38
173 531
9 754
857 918
216 10
288 407
531 341
914 311
863 232
683 638
867 237
465 861
523 969
672 269
47 511
507 401
487 196
969 349
571 753
292 502
404 648
574 484
596 164
912 171
183 892
757 151
44 550
886 293
248 377
211 111
268 222
487 426
474 967
269 875
716 829
465 648
852 492
98 630
561 374
201 359
167 526
793 107
531 975
524 205
379 684
603 835
237 710
789 447
894 428
774 685
827 501
371 945
29 843
512 299
107 923
717 478
845 233
42 726
707 216
907 266
472 647
253 286
733 532
972 748
920 943
59 589
78 347
377 782
425 341
271 232
414 953
111 273
976 134
207 982
973 359
541 99
137 101
68 587
979 909
521 207
868 146
179 335
161 744
226 974
65 116
998 996
622 848
697 383
75 63
216 119
717 725
207 443
463 813
448 26
880 61
221 363
916 829
478 362
504 801
50 85
92 760
573 103
968 743
279 252
948 593
999 141
382 145
790 232
738 153
366 980
940 573
153 789
904 635
580 724
849 748
935 890
827 853
511 452
519 635
321 1000
870 789
248 4
624 367
715 371
249 670
442 31
978 61
409 846
907 251
399 431
488 832
819 772
769 111
608 49
520 745
18 933
270 555
312 349
204 283
43 551
349 990
889 697
934 974
159 340
806 568
143 930
983 496
659 294
398 318
436 117
105 388
508 375
4 800
811 432
629 942
816 586
601 996
70 545
696 912
968 661
398 88
881 436
791 515
43 859
136 71
209 631
528 825
468 804
52 987
143 268
56 414
536 1000
41 334
960 692
482 72
838 693
730 290
109 871
881 150
790 584
592 335
9 414
833 43
834 260
897 25
424 99
135 658
815 92
502 297
430 442
435 352
18 840
183 646
352 642
301 311
947 253
307 346
970 38
455 562
131 904
795 433
562 412
636 522
305 909
892 343
168 131
92 686
334 304
960 239
64 468
616 857
987 710
45 510
129 360
278 843
172 330
430 886
414 283
396 258
183 74
268 457
443 249
636 860
875 794
382 510
185 930
763 45
810 899
500 877
46 689
49 243
291 266
591 159
78 70
409 731
48 53
162 865
969 607
33 327
548 354
38 720
115 511
812 47
174 962
923 974
492 562
507 377
768 909
641 177
422 706
684 241
686 611
581 631
765 506
289 31
398 363
144 241
94 730
403 19
564 211
133 902
488 489
937 548
848 121
367 947
124 8
346 890
535 860
807 987
26 892
47 103
462 780
247 14
782 303
502 405
415 834
803 880
218 304
751 654
187 803
26 751
363 418
424 988
19 302
293 435
574 28
425 11
905 305
815 274
321 938
344 117
553 129
837 428
208 548
192 953
801 593
895 849
566 851
774 811
474 779
767 363
330 106
580 782
248 495
746 530
302 12
819 482
568 674
386 59
398 496
814 171
852 90
690 77
585 865
516 465
595 312
723 239
892 986
883 501
420 349
49 61
434 625
73 439
1 178
55 99
175 589
137 978
784 199
586 895
291 345
2 796
24 380
667 530
491 888
950 103
416 865
628 69
82 353
88 386
746 136
855 318
603 257
367 128
849 129
133 728
559 774
270 483
888 388
647 483
191 39
48 319
307 538
15 341
181 125
612 311
811 390
545 490
930 292
694 821
842 1000
39 448
647 641
650 167
445 156
177 895
414 636
534 797
62 50
997 477
32 481
839 302
930 518
972 141
666 864
891 119
464 636
691 719
235 699
640 671
427 468
848 786
354 71
562 608
701 857
838 765
674 626
198 348
134 792
467 269
106 567
70 922
307 500
625 337
58 818
442 597
723 572
406 504
139 543
356 879
840 864
233 565
787 559
745 805
466 318
767 412
127 61
780 499
140 18
892 911
474 964
75 559
131 849
461 714
300 840
743 244
193 696
983 581
340 697
783 889
898 21
335 838
102 87
670 950
489 146
457 972
497 655
903 149
427 740
836 840
659 868
505 984
264 156
201 503
258 662
280 962
335 612
806 819
578 946
150 539
463 985
492 676
203 603
864 895
974 500
333 468
120 479
86 756
546 271
733 531
244 264
6 469
854 265
711 656
273 570
533 300
792 234
721 68
15 478
433 781
345 759
973 829
60 612
298 177
482 306
47 96
212 671
708 612
964 654
949 382
991 215
478 900
869 567
852 815
531 146
273 902
921 818
161 969
280 70
848 909
724 272
87 828
292 388
586 268
834 451
344 843
95 486
559 133
16 477
35 331
390 208
992 934
600 171
657 356
18 860
761 371
595 496
188 810
249 812
172 870
714 494
456 498
477 921
887 793
638 129
966 648
783 962
442 28
983 847
513 327
487 572
825 597
444 952
590 855
42 937
79 470
372 332
390 103
413 798
505 869
755 901
918 585
124 452
426 411
396 931
594 396
724 767
727 168
450 180
752 796
894 683
876 978
271 902
536 45
807 219
890 646
816 877
836 352
251 960
812 761
155 518
892 79
177 822
888 655
938 163
303 727
335 412
997 388
791 514
80 342
715 319
484 887
702 106
994 381
527 212
736 425
714 620
36 624
289 234
575 665
909 341
87 851
550 73
240 106
619 950
31 588
911 552
455 668
439 315
739 273
942 342
72 514
786 322
505 271
633 999
521 669
70 140
52 973
866 887
524 801
487 493
415 80
384 428
93 86
221 129
486 47
876 483
713 835
591 120
685 131
817 11
283 915
177 436
755 835
612 984
300 54
581 963
802 784
534 347
180 81
167 678
225 529
284 509
290 529
163 967
113 528
811 979
46 912
177 743
507 376
570 22
493 325
21 350
447 148
582 721
570 249
309 83
938 357
702 410
774 7
262 445
775 346
91 775
581 145
315 863
320 547
393 185
214 67
364 724
990 544
258 97
583 691
74 577
146 50
829 751
223 32
762 690
65 130
763 87
838 519
839 474
951 828
734 692
330 806
516 524
799 888
302 448
85 48
951 941
829 433
765 799
166 354
813 989
136 721
417 573
654 183
184 573
593 807
135 518
581 466
486 798
362 280
830 551
615 141
97 764
509 328
472 190
19 858
577 708
600 355
50 892
88 439
89 994
326 913
511 415
426 799
872 867
524 84
779 428
306 421
551 741
727 466
999 267
343 295
96 224
101 369
361 28
604 72
346 360
307 9
475 4
354 847
870 399
349 864
552 578
721 957
594 453
85 702
581 729
655 582
488 40
217 622
896 95
971 693
367 240
958 909
466 739
855 31
293 530
388 334
316 725
725 639
872 607
513 843
137 79
499 788
912 963
565 23
371 971
700 802
555 97
242 348
243 717
428 841
583 663
910 509
514 954
802 402
313 511
122 873
333 69
436 499
178 195
890 370
433 595
553 354
537 869
476 599
799 749
208 327
95 380
559 527
762 27
251 446
840 865
948 628
397 218
398 589
331 602
23 96
351 535
45 744
545 736
479 593
35 430
245 762
799 400
286 637
458 124
465 131
935 848
884 776
874 354
436 2
213 692
788 436
514 179
51 886
989 83
383 740
224 83
222 546
824 930
842 407
149 13
723 488
290 494
563 531
529 615
489 34
417 333
241 641
25 128
119 672
266 186
513 235
471 103
772 864
556 207
578 947
319 34
542 782
779 104
2 257
725 817
128 469
459 389
891 390
182 576
833 659
345 302
56 823
788 232
497 91
561 530
891 375
146 344
274 165
630 52
204 38
481 943
354 407
691 524
820 168
969 850
535 903
630 515
87 152
160 51
659 91
165 302
293 505
520 307
219 256
772 105
386 700
430 301
775 643
288 326
97 86
273 22
112 58
523 870
650 868
122 111
35 620
914 281
454 102
583 279
83 376
50 83
843 274
98 327
563 947
710 198
562 55
804 399
18 516
170 823
741 852
927 323
192 259
400 972
49 491
824 975
987 621
914 733
646 632
757 395
225 298
309 698
663 683
405 151
979 878
106 398
803 60
699 127
766 310
371 30
814 668
447 413
68 70
716 986
475 76
439 553
22 475
396 726
54 128
294 403
768 240
993 632
868 892
102 700
34 948
806 574
807 211
901 282
298 993
461 275
389 54
7 907
375 205
67 164
68 651
566 158
787 351
381 604
953 75
833 493
501 663
495 591
830 402
869 328
617 487
838 905
730 14
473 31
346 791
995 190
118 307
523 599
798 735
814 941
540 946
557 876
193 25
818 272
142 210
972 293
832 496
486 529
892 524
184 435
661 943
166 327
313 785
481 375
246 177
370 83
504 499
95 434
731 807
789 369
403 768
391 439
247 537
965 862
785 232
606 64
990 163
439 427
856 643
47 294
529 227
827 770
296 858
460 981
746 734
413 701
468 440
363 405
375 702
40 351
991 940
371 303
10 571
67 550
128 830
767 181
897 865
836 882
818 293
965 146
864 107
24 354
477 472
758 587
780 873
141 673
1 118
366 848
243 799
486 278
281 486
966 919
239 51
646 785
205 127
949 832
617 16
651 193
86 829
804 562
108 925
915 833
313 151
955 576
557 396
356 547
933 685
881 372
367 957
795 644
585 325
543 606
216 501
472 480
265 502
692 427
143 719
274 124
477 515
976 366
320 450
874 698
80 450
230 980
321 936
322 387
341 421
623 563
892 551
459 870
44 904
333 769
655 372
877 324
643 276
229 38
135 752
541 621
525 633
212 37
516 189
424 237
151 394
729 358
948 478
861 865
50 751
527 588
608 343
92 337
644 951
909 828
639 13
324 363
309 976
511 414
595 427
941 235
690 429
646 784
434 623
340 97
970 653
560 20
183 168
920 410
704 369
547 157
859 45
441 298
759 894
888 125
392 738
220 322
438 393
386 167
603 406
922 458
46 578
533 52
347 65
93 637
591 482
522 295
9 456
802 23
787 585
972 715
898 738
385 477
684 215
983 453
980 49
919 829
392 318
800 683
12 811
363 725
171 2
369 68
43 903
371 530
299 273
873 948
489 931
366 283
649 491
290 339
394 758
159 970
143 465
248 849
890 256
874 909
111 249
985 44
126 854
967 132
808 531
881 195
41 388
796 108
268 661
122 367
809 911
717 558
595 708
857 752
725 35
378 958
70 920
169 505
430 496
197 299
416 590
391 511
710 219
608 637
19 659
408 637
960 186
407 881
492 496
219 525
935 851
906 599
870 876
598 735
335 832
407 599
807 621
379 816
840 318
163 211
205 340
210 234
266 808
323 793
516 868
721 766
3 587
82 432
618 14
746 91
880 910
77 235
149 238
431 980
987 204
346 252
989 534
200 268
955 426
168 808
742 886
724 741
600 811
986 268
732 312
845 119
298 778
794 919
688 190
191 69
673 206
120 397
933 660
113 825
5 129
69 990
365 99
902 800
483 232
355 517
854 489
289 295
308 453
554 509
83 831
726 23
798 736
605 990
678 906
983 386
200 932
353 438
557 920
762 858
670 585
486 618
88 901
202 181
554 174
57 654
313 756
835 667
875 358
508 901
624 934
311 490
469 930
942 312
472 258
883 736
918 289
633 969
615 745
526 298
236 698
64 459
219 194
253 736
89 936
880 620
609 161
79 13
300 814
282 289
486 1
732 809
73 508
519 645
500 997
233 230
286 376
95 132
495 162
845 913
116 181
905 271
546 404
606 560
292 568
276 421
977 368
236 232
84 82
379 570
585 379
489 430
915 582
794 713
354 490
483 720
548 472
863 917
259 827
626 743
372 620
889 702
565 827
640 110
966 842
369 290
486 177
258 781
78 442
394 809
194 143
823 612
592 774
777 148
872 22
526 569
628 287
564 283
532 377
94 430
350 820
919 337
463 639
256 809
470 381
517 124
612 190
8 4
925 711
251 270
218 637
339 859
407 245
498 424
491 428
648 451
188 388
317 232
691 39
196 911
624 962
143 604
457 509
706 760
874 630
749 694
459 552
23 171
687 128
801 773
823 448
585 219
897 759
25 428
559 175
743 62
598 775
869 835
20 753
737 97
900 430
928 922
926 757
802 959
417 411
897 913
222 650
614 184
870 22
603 649
861 369
348 292
841 765
399 317
609 649
479 611
635 637
337 78
419 714
525 907
802 240
424 854
149 407
261 333
7 857
301 700
87 239
125 792
734 894
551 796
453 769
113 880
495 378
659 393
467 841
618 651
195 342
38 768
691 982
234 771
734 920
346 889
610 666
460 193
227 214
658 260
180 192
473 122
971 215
972 100
756 819
643 903
479 436
871 719
958 875
133 327
66 874
104 457
623 562
860 896
228 730
23 376
117 333
320 225
106 734
69 490
30 864
179 166
911 665
184 592
866 180
758 462
226 215
302 79
732 685
325 769
683 679
886 418
10 875
619 158
642 372
847 317
831 920
776 402
227 624
198 828
638 402
912 210
162 529
839 937
897 674
168 354
939 991
50 890
809 572
743 34
547 271
883 853
931 940
219 974
612 879
884 980
261 749
758 549
623 207
194 640
206 314
231 671
414 389
769 138
932 322
165 483
685 118
376 850
679 963
931 138
436 756
920 185
958 593
244 329
689 460
599 155
358 753
307 779
15 688
879 433
371 838
375 918
894 662
452 397
42 91
263 471
506 594
488 441
398 330
915 860
366 62
829 958
831 16
425 992
180 390
237 179
202 260
517 769
100 253
589 696
575 108
597 438
961 264
355 9
172 689
708 515
216 321
89 245
472 235
570 620
494 444
612 231
407 351
48 894
639 654
655 437
108 326
951 770
442 894
596 595
133 443
360 591
397 502
737 515
402 332
994 402
799 751
892 565
622 666
256 905
95 382
465 849
942 285
827 43
908 853
88 200
841 398
202 112
830 630
400 83
644 766
775 532
761 80
980 182
174 101
547 461
861 245
257 879
735 716
6 610
162 676
14 957
629 250
25 100
727 605
214 880
175 746
72 137
475 324
662 232
385 124
171 591
500 817
46 381
520 334
383 964
499 251
582 482
133 680
462 284
229 63
871 960
94 887
33 760
884 381
299 193
674 15
177 557
570 204
534 611
774 50
33 110
91 208
612 470
759 641
601 611
470 116
916 278
310 749
743 909
264 917
356 379
764 104
913 504
199 223
494 489
388 62
1000 302
105 718
52 963
659 93
878 339
56 390
863 389
773 941
811 374
596 512
743 883
798 624
710 471
860 985
33 361
575 358
868 508
684 340
743 547
161 974
148 992
238 716
705 9
780 897
23 457
951 516
164 330
936 483
23 17
10 848
852 191
446 904
395 918
912 380
643 252
754 681
24 844
477 14
60 26
689 622
411 416
714 11
309 885
914 569
258 53
371 420
903 583
939 918
562 71
266 536
396 395
510 57
457 179
168 314
296 783
707 751
689 840
102 231
469 828
533 951
148 395
901 819
666 72
885 324
744 456
361 440
829 795
253 250
538 910
266 205
106 951
55 469
38 597
538 817
315 648
484 257
875 592
767 582
720 543
3 823
975 661
640 240
567 303
519 72
759 583
564 599
731 57
242 49
998 443
72 864
229 821
674 130
143 197
773 350
775 384
214 58
168 243
570 962
699 682
242 275
5 117
632 631
83 877
855 807
769 600
223 201
246 378
719 333
181 709
754 265
518 716
929 643
60 361
782 992
415 537
342 555
891 338
553 444
297 250
351 843
559 246
946 217
626 128
303 948
876 26
99 765
291 916
98 502
240 843
670 242
385 652
499 710
782 685
767 81
473 763
663 122
442 362
292 185
830 665
102 304
139 262
323 549
684 538
794 118
309 916
487 383
1 170
202 765
721 539
684 681
840 375
732 189
733 148
383 527
385 164
370 278
983 876
875 687
606 557
538 789
319 356
370 450
497 950
24 2
428 284
266 451
287 619
760 891
565 798
752 827
609 618
298 963
731 443
53 91
898 830
259 564
42 460
575 250
812 728
33 135
475 534
282 750
963 749
948 95
632 714
699 440
675 457
631 160
902 632
255 668
922 545
391 35
38 161
116 30
144 929
153 661
688 513
217 286
731 654
75 840
79 640
979 398
122 421
620 484
161 871
379 740
774 975
829 144
957 475
653 962
782 798
396 109
568 678
899 94
352 273
244 871
61 375
767 117
735 747
921 299
315 244
211 455
956 710
36 186
555 986
476 33
131 646
444 583
232 709
620 936
513 482
434 621
515 300
310 47
478 866
339 472
379 647
286 177
921 844
167 758
159 338
915 308
625 928
366 882
936 533
225 562
216 177
718 189
881 603
682 668
699 790
901 702
870 285
163 884
940 363
389 507
318 467
51 756
930 177
768 28
163 706
366 63
763 142
26 954
491 492
449 292
711 569
103 868
215 814
946 714
195 706
641 46
83 805
835 498
639 824
30 528
624 591
694 555
369 164
99 227
48 895
160 409
821 860
808 533
130 545
597 133
411 8
152 81
910 793
238 561
408 818
579 535
139 642
247 957
359 295
221 258
520 199
174 904
343 787
714 133
98 446
351 528
64 114
616 703
466 314
906 935
412 948
953 948
736 548
165 732
386 27
67 962
211 977
783 221
343 866
395 216
822 705
112 556
814 933
317 723
903 673
605 96
997 757
124 614
533 884
628 54
684 256
741 753
561 75
724 513
319 303
211 686
636 598
177 322
286 60
807 458
96 382
774 273
544 770
462 285
154 594
484 253
401 743
684 38
522 217
635 688
427 23
745 16
667 15
697 974
402 715
280 315
11 421
473 358
346 28
411 677
320 767
651 661
146 643
345 348
78 638
264 918
30 765
415 881
750 314
682 180
755 406
205 164
435 451
532 470
806 221
574 73
367 725
578 20
394 891
793 725
753 986
844 503
222 423
189 38
62 268
182 849
184 410
536 687
523 923
14 290
736 738
277 564
175 341
514 449
753 570
926 850
601 361
531 819
326 818
302 844
588 256
546 833
909 241
240 414
679 971
701 655
443 99
427 550
582 920
562 215
16 255
434 674
897 794
294 191
115 859
461 891
872 958
525 306
333 667
491 556
186 178
817 157
390 456
837 369
278 637
851 301
863 774
186 404
264 630
427 994
100 135
214 494
823 156
96 393
872 378
779 230
307 553
414 783
966 840
219 501
560 166
8 714
560 407
376 728
954 537
829 997
721 164
351 353
355 866
801 12
379 120
825 134
204 69
646 372
705 680
902 770
597 490
137 132
322 152
90 364
787 62
114 342
96 821
227 13
15 220
978 422
956 718
294 941
5 278
1 963
881 137
221 680
70 855
476 538
277 743
350 487
762 692
359 367
70 998
877 494
678 225
97 836
410 503
192 112
602 519
931 711
770 859
143 975
917 536
832 650
377 165
106 813
657 427
182 462
59 369
373 337
68 481
487 489
845 663
457 174
477 307
499 487
926 616
989 152
58 298
176 67
289 726
141 589
419 375
366 913
228 973
245 553
488 786
250 849
181 465
242 737
189 998
150 596
285 307
709 130
414 73
146 987
517 760
662 499
482 8
780 586
488 48
343 210
497 569
307 104
539 961
115 371
152 487
401 901
581 626
603 454
894 715
271 998
385 615
595 554
155 585
194 145
211 821
630 684
651 733
224 275
181 774
555 121
356 316
748 622
952 27
990 695
960 614
388 503
338 838
156 123
507 809
787 203
403 722
243 787
249 338
911 874
787 824
934 185
517 495
868 437
909 373
839 244
515 706
109 983
203 654
576 980
390 810
175 156
952 599
900 287
574 498
743 489
502 441
605 456
706 589
31 834
912 955
454 335
362 564
22 3
776 611
559 344
430 804
982 849
774 633
331 865
978 476
908 503
37 735
280 892
499 112
229 295
512 551
125 502
349 718
940 951
409 777
879 322
555 520
132 529
490 38
543 326
290 271
165 198
511 351
923 929
449 534
176 362
837 619
696 529
328 693
293 909
275 398
267 530
588 438
350 577
422 370
503 125
964 497
413 405
215 809
643 808
20 297
479 244
854 448
787 9
860 721
276 514
522 870
209 545
636 136
229 558
542 10
161 710
274 95
442 909
243 894
339 99
374 148
105 865
903 515
726 1000
92 972
403 607
904 920
597 117
936 415
32 819
566 816
532 910
130 320
863 214
799 638
302 194
984 21
123 611
752 81
456 622
678 297
689 576
104 92
374 336
140 184
843 507
439 492
170 867
641 534
366 723
376 476
767 249
867 572
311 71
975 113
957 930
879 970
29 547
926 307
233 152
289 670
932 352
992 475
44 96
542 995
365 988
180 544
440 653
940 42
214 451
570 91
128 58
537 146
354 734
963 104
985 544
446 809
690 867
621 525
786 610
517 978
76 134
422 414
930 325
293 643
977 870
1000 385
990 764
310 658
887 108
834 24
599 280
658 330
507 864
803 783
457 779
673 271
386 696
411 23
209 619
400 260
403 635
390 867
72 668
326 17
218 646
40 186
44 738
120 648
808 191
618 156
899 8
496 699
169 363
558 783
230 332
66 741
305 923
642 314
239 758
554 97
776 428
795 344
231 114
924 54
287 172
704 158
250 600
776 650
997 664
421 776
680 562
707 527
333 207
563 627
825 600
132 784
777 733
297 907
82 403
319 322
850 908
814 531
588 187
859 998
471 500
826 229
419 521
543 320
671 287
160 919
161 66
876 975
375 595
133 940
217 731
163 669
773 348
388 254
561 562
927 711
53 246
104 306
469 102
753 155
181 850
208 784
890 468
378 160
730 189
824 58
436 256
535 532
496 27
167 432
271 755
835 602
182 899
934 146
147 700
260 869
429 602
981 221
329 350
900 405
963 220
580 897
155 246
249 151
253 743
753 807
793 632
97 859
61 224
780 338
692 902
823 428
292 52
79 972
64 443
977 469
58 972
760 483
10 596
780 432
220 165
862 268
653 271
413 554
418 832
789 319
3 486
65 662
284 825
871 215
233 199
196 477
236 974
262 224
135 114
323 978
529 547
842 777
382 371
935 715
246 904
873 384
31 306
95 523
609 654
559 872
836 419
492 745
661 184
664 212
497 773
9 340
599 924
8 529
51 666
747 649
146 762
593 35
405 619
816 782
214 213
647 667
356 174
838 862
858 40
793 747
700 795
242 309
26 838
389 200
857 368
695 706
877 909
574 951
529 571
248 825
943 358
715 207
290 782
973 523
443 512
163 280
579 940
339 723
907 869
506 96
14 505
813 755
554 210
493 678
406 359
522 564
50 309
822 622
84 244
800 301
123 582
749 262
109 615
224 511
761 101
424 209
904 731
268 418
876 143
491 171
516 328
663 43
408 613
83 421
102 323
693 932
31 845
838 87
948 691
398 660
572 103
867 549
193 726
103 111
392 229
537 377
940 658
263 674
31 99
859 610
338 997
150 279
763 978
858 694
755 802
780 83
595 141
353 522
745 280
703 261
278 938
565 9
10 140
375 994
10 540
231 638
163 998
522 291
464 167
841 623
517 620
555 297
522 178
816 859
301 669
61 529
834 787
997 229
377 996
95 790
472 9
946 712
190 966
221 860
114 302
762 608
963 715
658 359
198 436
437 560
921 943
61 868
942 983
544 386
709 840
928 33
13 961
783 237
142 31
753 60
83 175
187 946
978 859
78 941
597 131
876 12
236 29
184 384
131 155
919 338
153 631
407 62
374 439
601 113
13 163
736 728
633 832
45 594
847 202
464 815
249 79
808 196
700 466
302 50
35 341
987 504
273 472
477 88
245 428
317 527
339 43
452 778
760 283
558 210
874 367
106 245
359 229
362 27
70 344
455 790
153 92
317 721
376 147
230 18
375 298
487 641
913 554
419 161
381 189
666 226
135 37
484 409
529 602
528 954
225 483
780 813
50 718
824 645
352 912
7 252
817 304
447 501
802 196
751 155
24 124
815 958
906 102
279 1000
621 635
163 531
863 962
384 836
501 781
565 852
848 424
901 434
993 952
121 706
111 399
403 446
170 95
99 335
541 124
470 506
284 989
332 511
995 137
118 296
412 423
216 288
751 716
283 178
165 186
437 901
596 626
909 299
947 890
827 686
455 289
13 170
341 301
31 598
21 490
844 727
97 830
515 824
908 884
696 422
495 746
369 642
425 752
45 711
597 874
74 624
493 546
771 69
205 24
98 50
935 883
793 814
595 502
165 922
858 844
197 190
126 236
148 406
884 920
25 69
872 928
300 185
158 811
510 286
869 28
119 786
673 674
598 985
289 697
471 145
127 531
241 672
434 652
121 796
842 662
561 198
677 972
884 616
641 174
959 386
506 550
161 65
91 128
988 690
207 197
773 458
186 756
134 380
7 902
364 607
517 821
382 848
506 760
454 616
841 282
527 413
341 170
74 599
386 635
218 84
916 172
911 995
565 932
243 825
209 761
708 725
95 157
207 503
902 701
939 28
572 399
169 420
244 616
482 165
139 716
676 134
306 119
714 840
454 71
183 671
481 507
980 11
241 952
539 28
320 426
795 438
606 980
59 371
186 636
488 743
343 571
895 510
788 932
554 706
432 767
325 365
560 922
922 209
634 743
836 895
619 377
103 296
430 1000
413 653
237 758
243 552
458 627
745 291
642 326
818 433
146 838
970 628
115 87
632 107
41 567
776 901
101 168
360 366
96 950
915 614
334 332
556 140
538 643
797 662
120 430
11 257
431 904
554 713
604 128
876 925
493 319
699 892
403 171
208 177
561 883
820 984
20 160
543 692
512 8
18 449
973 343
575 231
99 310
742 540
48 964
436 142
443 177
646 342
460 253
227 218
264 80
565 174
34 550
114 288
956 637
683 223
282 540
764 258
880 271
436 485
496 56
630 511
958 422
428 897
450 713
363 296
680 758
181 599
754 443
653 797
602 711
206 239
144 819
456 997
807 532
463 226
155 213
639 325
14 280
809 176
594 246
79 818
762 112
715 266
678 402
828 107
576 244
340 625
120 816
961 910
235 161
306 513
610 431
547 418
880 937
510 116
93 948
613 731
370 539
706 431
385 182
900 861
831 715
465 326
254 200
382 285
76 728
177 302
802 846
571 119
845 876
862 922
963 225
253 385
720 474
802 16
968 792
369 285
446 235
308 200
863 638
189 603
963 940
177 999
792 260
333 668
512 131
180 49
165 419
220 818
360 670
217 44
256 752
403 643
422 173
354 239
880 469
246 417
397 353
947 63
499 839
65 17
728 335
965 622
359 723
713 475
165 22
716 726
971 811
681 200
829 64
922 802
814 492
452 597
400 56
546 969
947 314
662 787
40 510
783 548
987 662
415 385
163 504
400 998
75 548
80 352
405 411
478 547
486 30
490 85
474 638
113 765
757 433
7 328
580 414
713 420
993 795
131 628
889 986
48 150
712 893
879 755
279 773
618 11
161 172
965 486
768 814
197 908
93 555
684 402
99 946
744 445
154 593
751 154
171 48
901 671
426 305
246 854
396 773
751 11
807 293
576 167
28 497
752 838
682 913
830 361
427 310
141 174
273 716
624 126
356 25
310 737
744 121
234 839
476 892
226 285
498 976
7 720
75 950
895 675
342 801
803 817
882 810
204 770
911 831
477 759
169 62
649 228
231 424
657 785
711 98
58 878
948 423
398 896
718 821
991 259
23 45
245 109
652 483
134 910
269 941
112 286
115 657
97 174
758 165
615 740
939 97
601 366
738 145
581 593
908 91
140 45
783 821
419 126
645 820
784 88
81 348
44 288
177 385
294 140
115 985
202 596
745 326
836 171
492 993
399 439
435 998
663 534
371 996
816 183
724 544
360 371
802 886
785 876
627 215
609 352
612 513
647 2
560 172
245 884
546 371
341 629
803 256
931 471
163 929
111 95
332 856
483 476
138 225
908 696
380 76
237 853
313 385
946 654
299 446
105 483
271 60
842 984
996 21
744 198
414 556
591 884
298 13
132 168
872 170
545 4
929 933
87 405
165 379
592 25
448 289
247 211
806 252
901 216
265 702
527 178
565 363
605 686
967 75
736 931
255 373
423 661
451 928
32 782
929 624
715 3
364 179
592 470
380 856
614 791
830 976
444 123
752 12
435 360
511 61
884 569
204 667
710 149
839 819
128 747
398 527
771 19
538 298
444 345
581 392
174 54
946 55
430 156
69 164
589 941
182 461
370 869
720 740
261 978
675 82
886 357
826 663
230 505
766 287
399 836
606 868
112 536
980 345
654 542
117 706
864 498
495 860
390 280
31 30
894 50
641 382
471 199
606 646
555 656
573 583
428 250
767 913
381 54
37 794
538 785
850 991
758 764
798 327
275 262
392 554
484 176
871 516
822 200
128 484
536 481
129 861
8 538
959 417
47 731
86 823
893 189
967 602
803 653
739 415
91 239
367 842
351 305
498 167
318 394
639 559
713 664
456 235
593 434
730 497
210 333
275 194
591 840
389 822
137 165
670 345
964 702
965 549
878 412
626 397
920 572
425 226
531 98
551 351
921 834
443 514
295 297
173 661
365 473
312 667
39 536
140 433
912 410
269 19
368 210
597 975
841 405
736 685
645 473
539 74
67 861
601 309
88 352
917 569
295 885
810 555
474 1000
291 146
681 286
987 570
845 696
206 338
210 113
84 682
158 721
965 239
876 574
490 129
988 128
811 761
464 122
742 403
376 232
603 635
550 778
55 488
388 749
336 694
712 977
812 449
732 12
769 62
93 710
438 563
392 631
274 558
214 442
676 731
232 929
384 971
171 405
428 508
116 575
85 552
215 949
402 882
332 247
649 307
122 559
468 535
33 54
108 526
697 31
621 554
773 146
243 549
405 766
959 187
475 881
303 327
844 572
753 208
275 222
151 627
63 327
182 564
75 445
574 81
21 831
596 745
268 519
934 73
411 745
407 203
264 171
691 324
827 644
900 472
226 5
374 437
782 988
87 784
424 32
151 55
282 130
491 849
626 989
450 106
792 927
771 163
995 696
895 83
54 593
329 118
90 5
157 856
709 283
122 37
267 393
89 939
115 835
352 31
704 292
79 164
483 999
283 931
965 195
842 414
231 915
157 491
700 221
919 715
699 104
93 697
42 957
870 467
319 299
608 46
989 511
457 726
246 804
194 899
452 351
597 579
862 774
371 809
523 100
927 974
349 866
68 670
34 794
402 854
133 966
9 200
124 149
19 35
920 854
575 62
262 414
905 6
462 989
428 661
782 380
105 544
126 922
142 991
329 756
983 435
384 531
259 641
556 665
743 793
467 610
672 944
380 493
511 853
190 890
907 862
322 232
291 641
273 126
415 180
888 835
709 955
30 786
662 611
130 688
536 691
683 964
300 736
47 53
516 236
535 320
3 51
830 900
45 692
563 11
666 256
995 724
980 96
819 290
107 20
537 533
867 494
616 814
589 793
862 279
311 55
991 945
353 997
324 114
209 662
2 954
59 55
296 643
150 354
962 828
887 785
671 964
448 590
380 649
475 167
376 800
513 351
589 460
456 216
854 909
828 592
99 832
461 89
779 60
445 677
357 105
342 279
417 76
57 421
220 695
919 925
833 708
789 845
59 608
534 339
686 703
945 583
414 898
52 782
761 923
650 372
795 558
688 446
533 369
467 657
312 691
621 272
472 825
130 963
259 765
522 829
317 431
734 704
184 348
863 484
442 832
170 339
189 213
599 430
97 638
193 368
286 992
304 683
749 398
625 128
862 183
238 749
784 761
87 984
438 606
130 263
539 97
278 247
973 888
447 772
856 27
162 916
164 250
628 519
59 260
411 387
452 829
634 822
438 888
330 337
944 733
880 43
391 679
582 99
784 54
801 904
107 385
845 659
6 559
373 462
892 863
589 654
954 381
537 275
885 291
944 315
637 642
448 682
219 873
55 391
41 717
284 939
785 37
434 973
435 965
864 209
958 703
480 746
633 404
998 172
327 916
552 622
522 266
500 532
211 987
432 988
94 816
525 6
